0.000010 0.999970 0.000010 0.000010
0.000010 0.999970 0.000010 0.000010
0.000010 0.999970 0.000010 0.000010
0.138170 0.861810 0.000010 0.000010
0.000010 0.405027 0.000010 0.594953
0.000010 0.000010 0.000010 0.999970
0.000010 0.000010 0.000025 0.999955
0.000010 0.441783 0.000010 0.558197
0.000010 0.523689 0.000010 0.476291
0.000010 0.855596 0.000010 0.144384
0.000010 0.236856 0.000010 0.763124
0.000010 0.026461 0.000010 0.973519
0.000010 0.534301 0.000010 0.465679
0.000010 0.562944 0.000010 0.437036
0.000010 0.000010 0.999970 0.000010
0.000010 0.000010 0.999970 0.000010
0.521764 0.000010 0.478216 0.000010
0.109073 0.000010 0.890907 0.000010
0.382716 0.000010 0.617264 0.000010
0.215008 0.000010 0.784972 0.000010
0.524835 0.000385 0.474213 0.000568
0.545524 0.000010 0.454456 0.000010
0.618084 0.000010 0.381896 0.000010
0.000010 0.000010 0.999970 0.000010
0.000010 0.000010 0.999970 0.000010
0.081171 0.000010 0.918809 0.000010
0.000010 0.000010 0.999970 0.000010
0.109276 0.000010 0.890704 0.000010
0.999970 0.000010 0.000010 0.000010
0.999970 0.000010 0.000010 0.000010
0.000010 0.000010 0.999970 0.000010
0.000010 0.000010 0.999970 0.000010
