Jackknife	Sample	HIGH	MODERATE	LOW	MODIFIER	Total_Alleles
1	SH2514	2998	123724	433366	22463290	59993078
1	NF24	2971	124856	436466	22517242	59336016
1	WB13	1313	59080	195469	9739453	61016704
1	CW2212	1765	80756	265645	13209608	58896942
1	SH2515	3026	124030	435024	22493439	59842220
1	VR14	1665	77194	250718	12486134	59288136
1	DN26	1415	63470	206109	10280155	59582698
1	BU1031	1913	82807	271811	13593895	57490968
1	VT27	3008	125346	435535	22565800	60374938
1	CW2214	2050	90094	299416	15173444	60904246
1	BU04	1956	86183	283897	14087829	58891122
1	GC30	2736	113363	398500	20386608	57509930
1	DL2524	2832	123977	426595	21937578	57694030
1	VT29	2715	118469	413289	21155563	56710344
1	DL23523	3061	126766	440105	22746293	59681906
1	PZ29	1533	68546	223083	11109292	60935044
1	LI04	858	37319	126941	6376860	60214232
1	WE2430	1552	68323	226479	11339258	61030716
1	WS04	2997	127380	441657	22802927	60122860
1	WE2431	1545	68373	225596	11303061	60582550
1	WS05	3023	126905	436768	22650555	59540456
1	BB10	2788	120181	420350	21300956	56838788
1	VG21	2897	119952	421247	21692930	58848740
1	CE29	3001	123736	435912	22570832	61093790
1	CA14	2739	112715	399314	20226651	57233524
1	FC11	895	39753	131061	6610879	61094334
1	NF30	2904	121982	428444	21979637	58022910
1	MM27	2809	113707	403606	20768321	58720326
1	MI21	1438	64585	210585	10740300	61408932
1	FU14	2664	113434	396171	20376180	58486144
1	BB13	2801	117493	413027	21070111	56304806
1	WB20	1148	53044	176944	8754304	60316870
2	SH2514	3029	124595	435202	22446939	59958836
2	NF24	3010	125687	438565	22508524	59306678
2	WB13	1315	59230	195786	9729843	60986042
2	CW2212	1794	81083	266330	13207946	58866572
2	SH2515	3076	124758	436480	22477673	59806556
2	VR14	1676	77418	251256	12478755	59255238
2	DN26	1422	63651	206309	10262996	59552550
2	BU1031	1927	83426	272871	13597615	57459020
2	VT27	3033	126223	437100	22552291	60339520
2	CW2214	2076	90625	300296	15172382	60875114
2	BU04	1991	86825	284955	14090602	58859250
2	GC30	2758	114193	400194	20374921	57479972
2	DL2524	2866	124789	428138	21922513	57662320
2	VT29	2748	119261	414484	21139352	56680000
2	DL23523	3071	127681	441719	22731638	59651352
2	PZ29	1556	68849	223580	11104469	60904820
2	LI04	865	37446	127377	6379087	60186058
2	WE2430	1568	68468	226949	11332855	60999980
2	WS04	3031	128270	443219	22794890	60086784
2	WE2431	1567	68772	226659	11315202	60552958
2	WS05	3055	127767	438287	22637351	59503466
2	BB10	2834	121051	422127	21282151	56806502
2	CA14	2765	113442	400722	20213514	57200386
2	VG21	2939	120724	422946	21677984	58816624
2	CE29	3029	124590	437755	22556944	61062670
2	FC11	916	39859	131449	6610243	61066046
2	MM27	2825	114537	405098	20755399	58686748
2	NF30	2936	123048	430643	21972648	57993382
2	MI21	1458	64821	210909	10732584	61380722
2	FU14	2702	114147	397725	20362788	58451338
2	BB13	2838	118259	414586	21047341	56270904
2	WB20	1165	53207	177263	8746461	60286298
3	SH2514	3017	124564	435272	22383038	59803922
3	NF24	2998	125668	438905	22446218	59149906
3	WB13	1315	59214	196087	9714254	60829382
3	CW2212	1783	81067	266609	13179891	58715786
3	SH2515	3064	124789	436973	22414910	59649208
3	VR14	1669	77426	251561	12455530	59105126
3	DN26	1412	63584	206470	10241859	59398854
3	BU1031	1913	83306	273106	13571305	57313128
3	VT27	3017	126166	437486	22482302	60180984
3	CW2214	2062	90475	300464	15124387	60716668
3	BU04	1976	86690	285254	14064479	58709584
3	GC30	2750	114299	400558	20320120	57327008
3	DL2524	2848	124880	428773	21866680	57514088
3	VT29	2738	119190	414892	21073536	56527696
3	DL23523	3068	127597	442152	22661387	59501048
3	PZ29	1547	68858	223861	11089134	60747150
3	LI04	867	37480	127495	6364773	60031970
3	WE2430	1573	68589	227435	11332892	60844450
3	WS04	3015	128214	443793	22730041	59927472
3	WE2431	1547	68718	226424	11276882	60398492
3	WS05	3037	127774	438831	22576647	59347520
3	BB10	2827	121163	422565	21228916	56664200
3	CA14	2751	113443	401221	20157677	57051192
3	VG21	2921	120811	423388	21615130	58663734
3	CE29	3011	124631	438179	22493040	60904212
3	FC11	917	39936	131550	6596576	60908992
3	MM27	2813	114556	405589	20699593	58533126
3	NF30	2933	122832	431112	21912752	57849550
3	MI21	1451	64734	211268	10716035	61222510
3	FU14	2687	114166	398208	20306370	58297440
3	BB13	2828	118318	415168	20999181	56127502
3	WB20	1168	53281	177445	8738453	60132478
4	SH2514	3017	123791	433377	22427489	59895872
4	NF24	2978	124872	437130	22489874	59242920
4	WB13	1312	58898	195357	9714491	60927964
4	CW2212	1787	80640	265776	13198811	58814304
4	SH2515	3062	123985	435204	22458617	59742086
4	VR14	1672	77018	250691	12461977	59207000
4	DN26	1420	63201	205554	10243312	59497642
4	BU1031	1927	82877	272331	13586283	57413580
4	VT27	3011	125503	435674	22531615	60273956
4	CW2214	2059	89647	298397	15098519	60810654
4	BU04	1989	86306	284400	14079363	58811508
4	GC30	2742	113570	398986	20358854	57414288
4	DL2524	2857	124119	427095	21907059	57599372
4	VT29	2736	118542	413208	21117086	56611014
4	DL23523	3049	126852	440157	22709164	59592612
4	PZ29	1550	68448	223013	11097360	60846970
4	LI04	864	37443	127225	6375808	60131490
4	WE2430	1566	68153	226966	11338681	60943118
4	WS04	3019	127501	441935	22775201	60021830
4	WE2431	1559	68275	225704	11284392	60496858
4	WS05	3036	126987	437025	22619969	59437312
4	BB10	2832	120498	420827	21272555	56748208
4	CA14	2746	112858	399707	20197619	57135274
4	VG21	2922	120025	421547	21662862	58752604
4	CE29	3006	123829	436459	22539516	60998378
4	FC11	913	39827	131259	6605718	61007382
4	MM27	2818	113885	404007	20739769	58622702
4	NF30	2923	122128	429129	21954598	57931922
4	MI21	1452	64392	210418	10717925	61320174
4	FU14	2703	113482	396525	20348059	58387536
4	BB13	2831	117581	413158	21038579	56214054
4	WB20	1165	53171	176973	8742915	60230566
5	SH2514	3037	124793	435725	22389969	59812608
5	NF24	3016	125914	439383	22452935	59160948
5	WB13	1314	59270	195907	9702070	60845126
5	CW2212	1784	81119	266506	13174376	58737864
5	SH2515	3078	125005	437292	22418051	59660494
5	VR14	1670	77478	251394	12450711	59126934
5	DN26	1420	63730	206591	10242503	59418160
5	BU1031	1928	83436	273239	13571463	57337330
5	VT27	3036	126389	437879	22487298	60190446
5	CW2214	2068	90478	299917	15070298	60727892
5	BU04	1985	86852	285341	14063741	58735504
5	GC30	2759	114448	400781	20320160	57338942
5	DL2524	2866	125124	429104	21872354	57524892
5	VT29	2753	119420	415245	21079481	56531408
5	DL23523	3084	127852	442413	22666879	59511862
5	PZ29	1555	68947	223957	11084429	60764628
5	LI04	863	37513	127518	6366787	60050542
5	WE2430	1572	68644	227525	11328064	60859606
5	WS04	3033	128573	444246	22741531	59939720
5	WE2431	1558	68797	226515	11280723	60415424
5	WS05	3058	128025	439282	22584856	59356822
5	BB10	2842	121395	423105	21239602	56674478
5	CA14	2764	113643	401396	20158878	57059428
5	VG21	2940	121009	423630	21620968	58673080
5	CE29	3028	124891	438552	22499651	60915220
5	FC11	913	39958	131535	6600420	60925752
5	MM27	2834	114796	405859	20705108	58543140
5	NF30	2947	123145	431449	21916043	57856482
5	MI21	1454	64898	211281	10717580	61238188
5	FU14	2708	114389	398530	20308012	58307002
5	BB13	2849	118449	415346	21007926	56141314
5	WB20	1166	53307	177464	8727474	60152628
6	SH2514	3016	123750	434331	22404359	59850240
6	NF24	2978	124906	437878	22466290	59198102
6	WB13	1305	58896	195363	9708792	60880712
6	CW2212	1779	80716	265871	13179560	58764852
6	SH2515	3050	124032	436095	22439769	59698954
6	VR14	1662	77108	250911	12450278	59155472
6	DN26	1415	63381	206090	10241717	59447652
6	BU1031	1919	83040	272456	13576065	57360510
6	VT27	3018	125473	436477	22508531	60229290
6	CW2214	2062	90066	299675	15126521	60766956
6	BU04	1982	86430	284501	14068711	58759228
6	GC30	2743	113531	399576	20332051	57373964
6	DL2524	2839	124087	427673	21884925	57560578
6	VT29	2732	118526	414012	21095970	56566696
6	DL23523	3054	126884	441057	22686691	59543894
6	PZ29	1539	68531	223335	11084989	60798320
6	LI04	856	37332	127168	6366632	60082042
6	WE2430	1565	68242	226866	11317711	60894572
6	WS04	3004	127461	442829	22747878	59977488
6	WE2431	1554	68456	226023	11280921	60449716
6	WS05	3031	126899	437793	22592666	59395704
6	BB10	2823	120406	421713	21251487	56712820
6	CA14	2748	112755	400358	20173229	57095322
6	VG21	2918	120053	422588	21636713	58712772
6	CE29	3007	123894	437341	22514531	60953978
6	FC11	910	39806	131302	6602749	60960450
6	MM27	2815	113868	404549	20717708	58580330
6	NF30	2919	122206	430056	21932582	57890086
6	MI21	1447	64544	210701	10705833	61273568
6	FU14	2685	113437	397302	20324953	58345460
6	BB13	2824	117607	414129	21016756	56173072
6	WB20	1155	52905	176930	8734940	60185598
7	SH2514	2996	123962	433367	22366741	59790692
7	NF24	2972	125164	436892	22428015	59137010
7	WB13	1313	58962	195336	9707059	60817668
7	CW2212	1788	80799	265696	13185915	58700896
7	SH2515	3050	124181	435011	22399337	59638528
7	VR14	1671	77177	250656	12460424	59090806
7	DN26	1408	63484	206185	10259790	59381804
7	BU1031	1925	82989	272241	13572204	57297686
7	VT27	2997	125634	435305	22476853	60169072
7	CW2214	2070	90243	299786	15148604	60706952
7	BU04	1988	86389	284180	14065941	58694444
7	GC30	2727	113649	398533	20301556	57315060
7	DL2524	2829	124291	426636	21851388	57500876
7	VT29	2724	118679	413008	21066461	56509530
7	DL23523	3049	127065	440048	22659529	59485736
7	PZ29	1544	68629	223147	11088128	60737414
7	LI04	859	37333	127229	6366408	60020360
7	WE2430	1557	68222	226557	11313943	60833366
7	WS04	2999	127585	441610	22712183	59916602
7	WE2431	1549	68490	225894	11289964	60384894
7	WS05	3027	127173	436699	22558304	59334492
7	BB10	2814	120632	420449	21220111	56653510
7	CA14	2737	112929	399018	20143688	57036088
7	VG21	2909	120173	421189	21600429	58649744
7	CE29	2987	124141	435968	22481166	60892420
7	FC11	897	39826	131379	6600343	60898094
7	MM27	2795	113943	403413	20685194	58520326
7	NF30	2906	122430	428923	21891603	57832614
7	MI21	1444	64625	210783	10724641	61212380
7	FU14	2667	113616	396258	20293295	58287320
7	BB13	2806	117662	413122	20983934	56115454
7	WB20	1157	53041	176872	8732326	60119838
8	SH2514	3002	124219	433376	22385422	59794360
8	NF24	2986	125118	436506	22434396	59144642
8	WB13	1309	59023	194859	9706021	60819430
8	CW2212	1778	80802	265581	13189330	58701142
8	SH2515	3048	124365	434807	22418190	59642722
8	VR14	1662	77129	250345	12459817	59092450
8	DN26	1420	63408	205480	10254554	59383874
8	BU1031	1919	82992	271818	13569326	57296848
8	VT27	3001	125698	435390	22476710	60174746
8	CW2214	2068	90275	299495	15152417	60709164
8	BU04	1986	86364	283845	14064274	58697542
8	GC30	2738	113817	398608	20315553	57319458
8	DL2524	2836	124433	426601	21866625	57505958
8	VT29	2729	118819	412795	21076047	56520198
8	DL23523	3053	127237	440050	22670847	59486956
8	PZ29	1543	68520	222574	11077464	60738754
8	LI04	865	37475	126979	6361419	60022162
8	WE2430	1559	68079	225795	11303629	60835410
8	WS04	2999	127789	441429	22725437	59920882
8	WE2431	1554	68590	225520	11287110	60388176
8	WS05	3020	127212	436538	22570470	59342800
8	BB10	2823	120896	420465	21232190	56658932
8	CA14	2746	113175	399278	20155978	57043110
8	VG21	2914	120311	421213	21620543	58654518
8	CE29	3012	124247	435704	22494066	60895752
8	FC11	912	39892	131101	6600207	60900976
8	MM27	2816	114180	403419	20700924	58527208
8	NF30	2926	122373	428751	21902242	57845370
8	MI21	1446	64707	210374	10715602	61215138
8	FU14	2688	113891	396335	20305086	58288428
8	BB13	2833	117881	412889	20996031	56128974
8	WB20	1152	53113	176477	8726835	60122516
9	SH2514	3021	124560	434009	22427536	59909316
9	NF24	2994	125769	437657	22487489	59256838
9	WB13	1310	59297	195393	9719300	60933298
9	CW2212	1780	81128	265926	13194682	58814878
9	SH2515	3063	124841	435791	22458378	59758570
9	VR14	1662	77467	250712	12468023	59206610
9	DN26	1412	63718	206270	10265006	59500294
9	BU1031	1908	83369	272116	13580926	57408226
9	VT27	3018	126193	436079	22523859	60292898
9	CW2214	2060	90693	300331	15174759	60822540
9	BU04	1978	86797	284223	14076827	58809956
9	GC30	2746	114238	399268	20357118	57431894
9	DL2524	2861	124932	427455	21909868	57616086
9	VT29	2736	119185	413612	21116847	56632686
9	DL23523	3074	127721	441021	22713484	59600602
9	PZ29	1550	68863	223172	11090926	60854154
9	LI04	861	37585	127302	6370903	60134688
9	WE2430	1556	68479	226194	11310547	60949160
9	WS04	3018	128318	442479	22779436	60038918
9	WE2431	1549	68761	225683	11290134	60500298
9	WS05	3051	127795	437676	22623774	59462294
9	BB10	2832	121214	421432	21272979	56762670
9	CA14	2752	113512	399941	20197839	57157452
9	VG21	2929	120821	422416	21667002	58766256
9	CE29	3015	124733	437038	22541179	61011020
9	FC11	911	39961	131255	6602983	61013870
9	MM27	2824	114681	404199	20738232	58639852
9	NF30	2934	122974	429778	21951252	57945454
9	MI21	1456	64829	210537	10719359	61328826
9	FU14	2691	114260	397020	20342569	58404072
9	BB13	2841	118344	414207	21041226	56228566
9	WB20	1150	53274	177038	8741306	60236062
10	SH2514	3024	124177	433959	22445962	59968160
10	NF24	2998	125516	437440	22513177	59314124
10	WB13	1318	59091	195064	9728993	60996908
10	CW2212	1789	80926	265376	13199204	58878492
10	SH2515	3073	124443	435460	22475310	59816750
10	VR14	1673	77237	250342	12474185	59268134
10	DN26	1424	63561	205624	10260010	59564690
10	BU1031	1929	83193	271989	13589210	57471472
10	VT27	3030	125979	436127	22550846	60347784
10	CW2214	2076	90375	299236	15153499	60883140
10	BU04	1995	86572	284074	14083053	58871390
10	GC30	2759	114003	399135	20377178	57484880
10	DL2524	2866	124619	427229	21938879	57670226
10	VT29	2747	119015	413693	21137104	56688426
10	DL23523	3083	127397	440560	22737941	59657728
10	PZ29	1555	68734	222669	11098424	60914460
10	LI04	863	37396	127043	6373277	60195982
10	WE2430	1566	68326	226035	11320292	61010030
10	WS04	3028	128000	442400	22800793	60095992
10	WE2431	1558	68534	225218	11288135	60562260
10	WS05	3046	127423	437373	22643825	59515112
10	BB10	2834	120851	421413	21295970	56816986
10	CA14	2769	113342	399962	20223711	57211534
10	VG21	2934	120477	421940	21682451	58823484
10	CE29	3022	124329	436827	22560211	61068706
10	FC11	912	39780	130903	6602819	61075156
10	MM27	2837	114368	404271	20761335	58695584
10	NF30	2933	122729	429646	21977299	57999290
10	MI21	1460	64662	210526	10729801	61389536
10	FU14	2704	114141	396596	20369005	58461356
10	BB13	2844	118029	413597	21062993	56286110
10	WB20	1167	53125	176505	8740822	60298758
11	SH2514	3031	124361	434545	22461858	59909344
11	NF24	2997	125580	437858	22522775	59255674
11	WB13	1305	58841	194546	9701564	60935036
11	CW2212	1781	80562	264651	13168781	58820692
11	SH2515	3079	124649	436045	22493338	59756062
11	VR14	1658	77005	249703	12444439	59209494
11	DN26	1419	63361	205499	10251301	59502004
11	BU1031	1925	82950	271552	13568389	57415788
11	VT27	3029	126135	436515	22568659	60287532
11	CW2214	2068	90146	298966	15147861	60824546
11	BU04	1981	86254	283278	14056140	58813110
11	GC30	2757	114153	399591	20389024	57426424
11	DL2524	2854	124745	427778	21938525	57614224
11	VT29	2748	119174	414049	21155347	56623914
11	DL23523	3072	127584	441151	22746763	59600056
11	PZ29	1543	68488	222360	11080655	60855212
11	LI04	860	37330	127021	6367416	60138218
11	WE2430	1558	67998	225434	11300545	60951374
11	WS04	3027	128111	442820	22813543	60037988
11	WE2431	1556	68289	224965	11275876	60503080
11	WS05	3056	127587	437967	22657269	59455876
11	BB10	2845	121073	421687	21306168	56753404
11	CA14	2766	113408	400231	20229211	57145228
11	VG21	2929	120633	422529	21695289	58762938
11	CE29	3026	124513	437319	22572985	61012138
11	FC11	911	39717	130967	6597044	61016050
11	MM27	2832	114503	404632	20771755	58633670
11	NF30	2935	122796	429972	21985212	57939344
11	MI21	1449	64367	210079	10712776	61329076
11	FU14	2699	114120	397215	20377937	58401988
11	BB13	2845	118157	414105	21069777	56220162
11	WB20	1162	52949	176604	8742387	60240240
12	SH2514	3004	124130	434220	22437584	59841810
12	NF24	2974	125347	437623	22496424	59187812
12	WB13	1309	58789	195049	9700644	60869594
12	CW2212	1775	80547	265297	13172652	58760544
12	SH2515	3052	124220	435825	22466432	59694438
12	VR14	1672	76862	250529	12455691	59149520
12	DN26	1420	63384	206045	10257222	59442302
12	BU1031	1918	82768	271916	13557609	57357970
12	VT27	3011	125744	436030	22536665	60223604
12	CW2214	2065	90166	299235	15129461	60756252
12	BU04	1979	86144	283839	14050258	58753626
12	GC30	2736	113845	399503	20365547	57362922
12	DL2524	2840	124366	427287	21914711	57545652
12	VT29	2729	118742	413489	21126658	56564390
12	DL23523	3059	127059	440799	22716088	59536554
12	PZ29	1554	68654	223106	11085603	60790376
12	LI04	863	37262	127156	6365330	60073976
12	WE2430	1562	68011	226294	11301191	60885244
12	WS04	3014	127744	442434	22784643	59969970
12	WE2431	1556	68193	225506	11272586	60441144
12	WS05	3035	127246	437396	22625890	59388840
12	BB10	2820	120630	421314	21280012	56691870
12	CA14	2745	113098	400140	20206005	57086536
12	VG21	2908	120249	422248	21666216	58699722
12	CE29	3004	124280	437141	22547513	60944366
12	FC11	911	39737	131134	6594798	60950022
12	MM27	2809	114157	404475	20748497	58571754
12	NF30	2920	122598	429697	21959938	57876602
12	MI21	1456	64427	210470	10708878	61263086
12	FU14	2686	113973	397332	20357396	58336742
12	BB13	2824	117859	414023	21048125	56160966
12	WB20	1164	52735	176595	8733228	60173436
13	SH2514	3022	123935	431059	22368612	59635950
13	NF24	2994	125013	434548	22432004	58982766
13	WB13	1298	58682	193558	9666437	60659966
13	CW2212	1762	80323	263144	13119423	58547808
13	SH2515	3069	124216	432941	22397918	59486452
13	VR14	1648	76912	248841	12414680	58938820
13	DN26	1401	63123	204103	10205669	59225990
13	BU1031	1887	82634	269396	13510453	57150630
13	VT27	3013	125764	433261	22475696	60016198
13	CW2214	2060	90021	297468	15106278	60548090
13	BU04	1957	86000	281531	14004552	58543528
13	GC30	2737	113800	396796	20303506	57164380
13	DL2524	2846	124101	424208	21842498	57346296
13	VT29	2731	118788	410930	21064816	56361074
13	DL23523	3061	126888	437309	22643531	59332202
13	PZ29	1541	68224	220889	11031725	60577130
13	LI04	857	37207	126255	6341366	59864168
13	WE2430	1560	68101	225346	11287609	60675608
13	WS04	3006	127503	439018	22706921	59761346
13	WE2431	1536	68070	223217	11222778	60227966
13	WS05	3029	127013	434216	22553830	59180476
13	BB10	2819	120624	418544	21219682	56498334
13	CA14	2737	113035	397220	20144908	56885556
13	VG21	2927	120151	419138	21601748	58496756
13	CE29	2998	124022	434044	22480962	60737422
13	FC11	909	39602	130023	6567505	60738692
13	MM27	2816	114151	401502	20685416	58368126
13	NF30	2918	122334	426950	21906912	57689524
13	MI21	1442	64313	208617	10660047	61051740
13	FU14	2681	113669	394404	20289301	58128450
13	BB13	2839	117706	410906	20983587	55967642
13	WB20	1161	52894	175392	8705808	59963074
14	SH2514	3043	124755	435520	22378730	59736526
14	NF24	3012	125892	439090	22446722	59084932
14	WB13	1319	59300	196074	9680073	60763532
14	CW2212	1796	81065	266602	13152553	58648870
14	SH2515	3085	124991	437072	22408989	59586890
14	VR14	1681	77492	251709	12434901	59038464
14	DN26	1429	63647	206872	10241258	59329376
14	BU1031	1935	83333	273243	13543829	57247980
14	VT27	3027	126431	437748	22479442	60116128
14	CW2214	2080	90611	300828	15126319	60651232
14	BU04	1997	86745	285403	14039458	58647396
14	GC30	2763	114413	400856	20318061	57258402
14	DL2524	2872	125084	428898	21873282	57447126
14	VT29	2743	119440	415260	21070142	56460578
14	DL23523	3088	127940	442441	22673421	59433246
14	PZ29	1558	68851	223814	11057025	60681362
14	LI04	864	37566	127726	6353371	59966536
14	WE2430	1574	68590	227482	11293812	60777896
14	WS04	3041	128480	443908	22730687	59865300
14	WE2431	1565	68716	226380	11240532	60330676
14	WS05	3068	127948	439014	22585091	59280430
14	BB10	2846	121342	422920	21233775	56597598
14	CA14	2767	113720	401285	20158770	56982198
14	VG21	2947	120941	423668	21619566	58594402
14	CE29	3033	124852	438551	22498326	60839306
14	FC11	916	39952	131700	6584373	60843346
14	MM27	2836	114785	405736	20701129	58465780
14	NF30	2945	123145	431328	21914726	57784250
14	MI21	1463	64836	211417	10690239	61156240
14	FU14	2708	114401	398244	20306035	58226900
14	BB13	2855	118486	415245	20997065	56060642
14	WB20	1166	53339	177555	8722506	60067080
15	SH2514	3019	124180	434775	22428234	59846854
15	NF24	2992	125421	438299	22492779	59195110
15	WB13	1305	58782	195163	9692060	60875956
15	CW2212	1776	80550	265677	13165913	58759716
15	SH2515	3064	124480	436423	22460761	59694498
15	VR14	1664	76862	250592	12434256	59150632
15	DN26	1423	63530	206246	10272240	59444044
15	BU1031	1915	82801	272262	13556809	57359342
15	VT27	3025	125926	436953	22541153	60226176
15	CW2214	2058	90043	299794	15138913	60764678
15	BU04	1981	86220	284232	14047619	58757032
15	GC30	2740	113987	399974	20359168	57365744
15	DL2524	2850	124538	428086	21913555	57552850
15	VT29	2740	118921	414410	21126464	56562054
15	DL23523	3058	127336	441420	22718085	59539750
15	PZ29	1546	68245	222697	11047854	60795526
15	LI04	862	37321	127065	6361527	60078496
15	WE2430	1564	68111	226524	11305913	60890726
15	WS04	3019	127845	442978	22779291	59973588
15	WE2431	1554	68150	225463	11252847	60445282
15	WS05	3037	127342	438018	22624336	59389840
15	BB10	2826	120839	421833	21272838	56697676
15	CA14	2754	113183	400420	20198138	57088446
15	VG21	2914	120433	422680	21662485	58703622
15	CE29	3009	124294	437559	22542044	60952142
15	FC11	912	39730	131142	6594180	60955710
15	MM27	2813	114297	404873	20740737	58574730
15	NF30	2919	122583	430255	21958200	57882922
15	MI21	1452	64328	210342	10688549	61270072
15	FU14	2694	113956	397513	20347612	58339522
15	BB13	2828	117938	414504	21040102	56163320
15	WB20	1154	52959	176777	8727126	60178662
16	SH2514	3007	124186	433061	22364424	59654656
16	NF24	2991	125422	436133	22420536	59003590
16	WB13	1313	58906	194553	9671526	60679678
16	CW2212	1789	80877	264855	13138862	58570876
16	SH2515	3038	124513	434821	22397831	59504546
16	VR14	1673	76962	250027	12417433	58957458
16	DN26	1410	63350	205794	10237525	59252906
16	BU1031	1894	82922	271366	13519913	57168354
16	VT27	2997	125981	435146	22468664	60034328
16	CW2214	2057	90077	298751	15100986	60569904
16	BU04	1961	86178	283365	14010422	58567140
16	GC30	2746	113908	398443	20300227	57180850
16	DL2524	2854	124602	426393	21852855	57370258
16	VT29	2712	119089	412558	21064661	56378894
16	DL23523	3045	127437	439763	22652177	59349560
16	PZ29	1521	68324	222088	11040449	60597646
16	LI04	843	37269	126809	6347765	59883448
16	WE2430	1537	68135	225780	11269660	60693426
16	WS04	2994	127930	441083	22710862	59780920
16	WE2431	1551	68186	225053	11235817	60249034
16	WS05	3016	127443	436142	22553776	59198038
16	BB10	2800	120916	420284	21210231	56518116
16	CA14	2738	113106	398843	20139465	56904758
16	VG21	2900	120408	420997	21594257	58517916
16	CE29	2994	124452	435936	22493125	60756236
16	FC11	904	39733	130803	6576799	60759720
16	MM27	2798	114298	403218	20681853	58384818
16	NF30	2896	122655	428334	21886805	57696522
16	MI21	1448	64342	209463	10659278	61071822
16	FU14	2685	113885	395912	20287763	58149640
16	BB13	2809	117971	412676	20975899	55981606
16	WB20	1135	53101	176284	8701801	59983736
17	SH2514	3041	125000	436320	22445289	59864226
17	NF24	3010	126220	439853	22505533	59213168
17	WB13	1321	59308	195865	9698679	60890482
17	CW2212	1797	81204	266656	13177977	58775904
17	SH2515	3086	125241	438059	22480628	59712770
17	VR14	1682	77502	251372	12445549	59164966
17	DN26	1430	63692	206464	10226413	59459316
17	BU1031	1935	83423	272884	13550899	57372190
17	VT27	3041	126755	438394	22552967	60243284
17	CW2214	2079	90696	300785	15149381	60779704
17	BU04	1997	86799	284903	14044884	58771010
17	GC30	2768	114704	401278	20374865	57384024
17	DL2524	2869	125326	429428	21927263	57568808
17	VT29	2760	119755	415811	21140245	56579304
17	DL23523	3085	128208	443060	22730808	59555380
17	PZ29	1559	68952	223882	11075291	60808816
17	LI04	865	37586	127578	6360461	60093198
17	WE2430	1576	68536	226923	11282457	60907214
17	WS04	3040	128763	444666	22793768	59991648
17	WE2431	1565	68757	226234	11262592	60458896
17	WS05	3064	128315	439836	22640377	59407960
17	BB10	2849	121647	423512	21293333	56719086
17	CA14	2777	114001	401758	20209236	57104854
17	VG21	2938	121259	424252	21677820	58720956
17	CE29	3031	125181	439391	22578011	60969242
17	FC11	915	39972	131490	6590148	60970824
17	MM27	2840	115029	406359	20757811	58591714
17	NF30	2949	123429	431908	21973074	57900822
17	MI21	1459	64798	210954	10690113	61284848
17	FU14	2710	114622	398871	20362042	58352790
17	BB13	2854	118766	415902	21056317	56186972
17	WB20	1168	53345	177458	8727221	60192692
18	SH2514	2995	123210	431732	22407128	59776854
18	NF24	2957	124411	434939	22469974	59121730
18	WB13	1294	58272	193258	9687553	60796890
18	CW2212	1755	79865	263269	13152397	58687806
18	SH2515	3029	123498	433606	22444240	59627056
18	VR14	1636	76259	248549	12430124	59075602
18	DN26	1387	62389	203539	10218529	59372410
18	BU1031	1894	82245	270023	13543402	57289390
18	VT27	2995	124870	433857	22520735	60158966
18	CW2214	2047	89479	298279	15137682	60688146
18	BU04	1948	85482	281856	14035370	58680450
18	GC30	2718	113006	396923	20341448	57304038
18	DL2524	2842	123524	425213	21891580	57481922
18	VT29	2715	118004	411435	21112036	56501298
18	DL23523	3028	126236	438278	22695611	59470318
18	PZ29	1527	67916	221143	11063197	60718460
18	LI04	850	37000	125748	6348245	60003292
18	WE2430	1538	67568	224604	11289329	60811456
18	WS04	3008	126899	440148	22757991	59907676
18	WE2431	1530	67779	223697	11252885	60365920
18	WS05	3018	126444	434918	22605489	59329426
18	BB10	2816	119793	419098	21252031	56626066
18	CA14	2728	112151	397565	20183157	57026334
18	VG21	2899	119502	419440	21640288	58635198
18	CE29	2991	123249	434527	22523896	60876444
18	FC11	899	39317	129714	6580526	60876784
18	MM27	2788	113287	401560	20721503	58508754
18	NF30	2891	121537	426816	21930231	57812770
18	MI21	1407	63612	208157	10686766	61193536
18	FU14	2666	112797	394785	20328010	58273702
18	BB13	2822	117189	411695	21023917	56097854
18	WB20	1154	52730	175330	8717853	60104470
19	SH2514	3001	122482	434566	22567914	60167502
19	NF24	2974	123656	437988	22629410	59506706
19	WB13	1296	57708	194554	9746101	61196920
19	CW2212	1763	79186	264795	13228054	59074708
19	SH2515	3041	122716	436100	22601664	60015528
19	VR14	1658	75594	249744	12498273	59466862
19	DN26	1397	61945	205036	10281846	59758810
19	BU1031	1899	81446	271537	13619472	57663214
19	VT27	3009	124176	436599	22673961	60549810
19	CW2214	2044	88644	299066	15199680	61081506
19	BU04	1960	84650	283452	14114197	59064678
19	GC30	2736	112311	399627	20483865	57673658
19	DL2524	2828	122861	427738	22045457	57855014
19	VT29	2719	117264	414183	21254466	56868672
19	DL23523	3049	125771	441168	22858689	59860052
19	PZ29	1526	67155	222178	11119834	61113942
19	LI04	854	36260	126216	6377382	60395486
19	WE2430	1543	66574	225545	11346579	61210684
19	WS04	2995	126195	442837	22917559	60292978
19	WE2431	1539	66678	224455	11309655	60763544
19	WS05	3031	125677	437987	22765698	59710706
19	BB10	2816	119156	421616	21406659	56999382
19	CA14	2743	111652	400228	20323243	57393902
19	VG21	2909	118708	422547	21797446	59016064
19	CE29	2992	122536	437247	22677976	61270844
19	FC11	892	38566	130165	6608224	61276282
19	MM27	2804	112632	404625	20869325	58890712
19	NF30	2910	120855	429998	22088840	58187412
19	MI21	1434	63096	209709	10743591	61590720
19	FU14	2678	112312	397363	20472245	58653558
19	BB13	2818	116364	414164	21170143	56461640
19	WB20	1146	51860	176170	8762175	60500518
20	SH2514	3035	124401	435962	22488679	59984506
20	NF24	3007	125558	439413	22547316	59331132
20	WB13	1316	59061	195763	9725619	61016220
20	CW2212	1786	80637	265916	13180913	58896330
20	SH2515	3079	124683	437543	22520164	59833328
20	VR14	1673	77082	251142	12457849	59285888
20	DN26	1423	63427	206499	10263283	59578256
20	BU1031	1928	82999	272894	13573082	57488798
20	VT27	3032	126120	437933	22592976	60366554
20	CW2214	2071	90172	300206	15151784	60901776
20	BU04	1984	86346	284787	14067441	58889036
20	GC30	2760	114126	400957	20412345	57499740
20	DL2524	2869	124787	429043	21965519	57683836
20	VT29	2753	119134	415542	21181388	56695564
20	DL23523	3081	127598	442444	22769301	59674854
20	PZ29	1549	68389	223353	11077370	60931986
20	LI04	864	37443	127521	6375711	60215344
20	WE2430	1568	68236	227051	11317918	61027130
20	WS04	3036	128182	444130	22832954	60111276
20	WE2431	1553	68360	225996	11270886	60581576
20	WS05	3054	127647	439312	22681669	59529318
20	BB10	2841	121007	422985	21326803	56828306
20	CA14	2765	113373	401617	20250274	57221558
20	VG21	2944	120669	423803	21720462	58838854
20	CE29	3028	124546	438731	22602944	61089802
20	FC11	913	39823	131474	6606171	61093196
20	MM27	2832	114397	405785	20795007	58710130
20	NF30	2944	122823	431447	22010337	58017478
20	MI21	1451	64399	210850	10705618	61407208
20	FU14	2707	114115	398553	20402453	58474934
20	BB13	2845	118161	415506	21093751	56292196
20	WB20	1162	53034	177135	8737633	60315408
21	SH2514	3044	124950	436790	22468935	59932054
21	NF24	3018	126121	440170	22530260	59276566
21	WB13	1323	59308	196325	9727968	60959748
21	CW2212	1794	81137	266876	13179356	58843062
21	SH2515	3085	125251	438420	22501697	59781946
21	VR14	1678	77568	251831	12459674	59232226
21	DN26	1429	63778	207083	10275320	59526596
21	BU1031	1935	83400	273537	13577013	57438306
21	VT27	3043	126681	438855	22568418	60313278
21	CW2214	2079	90635	300983	15146660	60848776
21	BU04	1996	86818	285582	14070425	58835466
21	GC30	2772	114682	401801	20395750	57448680
21	DL2524	2876	125292	430067	21946149	57633096
21	VT29	2759	119687	416338	21156285	56649748
21	DL23523	3093	128101	443529	22752038	59623014
21	PZ29	1561	68890	224030	11095793	60878032
21	LI04	868	37554	127773	6370371	60161126
21	WE2430	1574	68544	227549	11322068	60974358
21	WS04	3042	128669	445082	22817119	60059484
21	WE2431	1565	68712	226651	11294996	60526740
21	WS05	3070	128205	440085	22663981	59481936
21	BB10	2855	121570	423911	21313484	56781732
21	CA14	2775	113939	402466	20237164	57173740
21	VG21	2951	121178	424771	21703031	58788504
21	CE29	3037	125049	439612	22583074	61036026
21	FC11	917	39916	131715	6598851	61039808
21	MM27	2845	115019	406734	20778183	58660744
21	NF30	2952	123364	432222	21994284	57968956
21	MI21	1460	64810	211422	10722694	61353126
21	FU14	2712	114656	399393	20382820	58421324
21	BB13	2858	118698	416365	21077081	56244340
21	WB20	1171	53306	177734	8741328	60261724
22	SH2514	3044	124544	435370	22443775	59867736
22	NF24	3012	125770	438949	22509154	59215510
22	WB13	1316	59046	195595	9707111	60899516
22	CW2212	1785	80807	265848	13162678	58788830
22	SH2515	3088	124787	436956	22473308	59718888
22	VR14	1668	77195	250952	12445096	59177910
22	DN26	1429	63484	206505	10244573	59469392
22	BU1031	1917	83082	272356	13557321	57388790
22	VT27	3041	126338	437683	22553914	60246932
22	CW2214	2070	90182	299515	15100031	60786370
22	BU04	1980	86494	284738	14055865	58781910
22	GC30	2763	114380	400629	20375882	57386216
22	DL2524	2867	124915	428580	21924678	57576116
22	VT29	2759	119315	414935	21137247	56587094
22	DL23523	3088	127774	442229	22735620	59560076
22	PZ29	1557	68686	223523	11088332	60819510
22	LI04	868	37418	127483	6367544	60104560
22	WE2430	1558	68241	226923	11300609	60914590
22	WS04	3038	128312	443702	22793796	59995608
22	WE2431	1555	68483	226020	11271613	60468926
22	WS05	3062	127820	438856	22641678	59417662
22	BB10	2853	121196	422582	21288735	56720050
22	CA14	2769	113497	401157	20214829	57108626
22	VG21	2950	120773	423346	21679902	58726060
22	CE29	3030	124751	438341	22560589	60972862
22	FC11	917	39732	131510	6600249	60979484
22	MM27	2834	114669	405634	20760655	58594926
22	NF30	2941	123007	431001	21972484	57905254
22	MI21	1457	64605	211107	10718533	61292464
22	FU14	2715	114310	398319	20365916	58359892
22	BB13	2856	118288	415059	21057125	56185088
22	WB20	1169	53145	177363	8741432	60204510
23	SH2514	3040	124503	435741	22438962	59862474
23	NF24	3010	125654	439186	22499353	59207708
23	WB13	1314	59130	195767	9708028	60894826
23	CW2212	1794	80829	266289	13169893	58784528
23	SH2515	3084	124782	437317	22465416	59710750
23	VR14	1673	77180	251127	12442074	59176510
23	DN26	1417	63460	206271	10234416	59467574
23	BU1031	1933	83158	273027	13565046	57386148
23	VT27	3037	126296	438062	22550185	60240346
23	CW2214	2075	90194	299922	15105902	60780546
23	BU04	1993	86576	285031	14058179	58782528
23	GC30	2762	114180	400951	20371087	57379420
23	DL2524	2879	124798	428992	21923538	57573762
23	VT29	2753	119324	415541	21135769	56573958
23	DL23523	3094	127546	442630	22731090	59556296
23	PZ29	1547	68707	223628	11084735	60813710
23	LI04	865	37374	127394	6362990	60101194
23	WE2430	1565	68299	226859	11306549	60910800
23	WS04	3045	128120	444102	22783748	59990500
23	WE2431	1561	68496	226079	11267661	60465326
23	WS05	3070	127596	439058	22629027	59409264
23	BB10	2846	121168	423050	21291811	56716302
23	CA14	2770	113575	401711	20212803	57101682
23	VG21	2945	120799	423801	21680740	58718856
23	CE29	3035	124602	438590	22554416	60965270
23	FC11	909	39807	131428	6597472	60974978
23	MM27	2834	114559	405871	20756470	58589010
23	NF30	2947	122931	431184	21969351	57900838
23	MI21	1448	64503	210989	10704647	61288068
23	FU14	2708	114306	398505	20360938	58351452
23	BB13	2855	118219	415465	21056508	56179126
23	WB20	1169	53131	177602	8736427	60200220
24	SH2514	3037	124135	434322	22385364	59714416
24	NF24	3012	125217	437599	22442867	59063344
24	WB13	1312	58775	195215	9682355	60744208
24	CW2212	1778	80381	265403	13138333	58642476
24	SH2515	3082	124360	435775	22416065	59557078
24	VR14	1672	76711	250257	12404594	59031188
24	DN26	1417	63347	206074	10240207	59314420
24	BU1031	1925	82756	271957	13531333	57248786
24	VT27	3023	125829	436324	22496369	60088088
24	CW2214	2065	89866	298681	15060781	60626838
24	BU04	1986	86098	284003	14027081	58638650
24	GC30	2748	113835	399519	20324975	57234092
24	DL2524	2871	124446	427203	21870511	57431366
24	VT29	2732	118759	413640	21086865	56431870
24	DL23523	3083	127292	440889	22675879	59404396
24	PZ29	1550	68315	222883	11053182	60661996
24	LI04	863	37409	127304	6351855	59952336
24	WE2430	1560	68033	226440	11278703	60760968
24	WS04	3020	127854	442475	22741043	59837330
24	WE2431	1549	68020	225225	11235934	60314108
24	WS05	3056	127183	437362	22581034	59259500
24	BB10	2840	120745	421621	21239302	56573828
24	CA14	2763	113187	400069	20165023	56956960
24	VG21	2940	120421	422151	21627796	58571364
24	CE29	3021	124279	437050	22505611	60813184
24	FC11	910	39716	131107	6577722	60822758
24	MM27	2833	114209	404388	20706115	58442132
24	NF30	2947	122535	429902	21912933	57758706
24	MI21	1448	64272	210335	10679041	61135806
24	FU14	2699	113848	397049	20310057	58204196
24	BB13	2838	117906	414162	21010004	56037600
24	WB20	1158	52937	176842	8702806	60049722
25	SH2514	3023	123993	433395	22407838	59749886
25	NF24	2998	125210	436513	22468836	59101816
25	WB13	1309	58627	194104	9679526	60782842
25	CW2212	1787	80485	265000	13163538	58675660
25	SH2515	3068	124265	434698	22434537	59601612
25	VR14	1667	76964	250168	12438231	59067468
25	DN26	1418	63331	205339	10238474	59353062
25	BU1031	1916	82749	271519	13552082	57284226
25	VT27	3027	125810	435654	22517487	60127838
25	CW2214	2060	89744	298111	15082090	60666606
25	BU04	1981	86108	283400	14043740	58674714
25	GC30	2747	113800	398557	20340943	57274256
25	DL2524	2856	124380	426474	21883524	57459706
25	VT29	2748	118851	413133	21100078	56469484
25	DL23523	3071	127219	440047	22691987	59444582
25	PZ29	1542	68307	221853	11060220	60701034
25	LI04	867	37290	126613	6357415	59990098
25	WE2430	1558	67730	225494	11283444	60799770
25	WS04	3023	127869	442052	22763109	59876928
25	WE2431	1547	68105	224510	11245088	60352196
25	WS05	3042	127206	436785	22596876	59299486
25	BB10	2835	120704	420544	21252370	56610296
25	CA14	2759	113032	399392	20181213	56995928
25	VG21	2930	120266	421528	21639365	58612030
25	CE29	3012	124130	436237	22522270	60853878
25	FC11	910	39713	130809	6587567	60862910
25	MM27	2816	114039	403694	20726884	58479634
25	NF30	2929	122481	428780	21933548	57790924
25	MI21	1451	64222	209558	10685792	61175268
25	FU14	2697	113814	396272	20326062	58242866
25	BB13	2833	117811	412876	21016710	56073442
25	WB20	1167	52816	176169	8713228	60088656
26	SH2514	3045	124487	435851	22432576	59830422
26	NF24	3015	125532	439214	22490941	59181564
26	WB13	1322	58998	195958	9697737	60863460
26	CW2212	1796	80861	266392	13166790	58756260
26	SH2515	3087	124742	437435	22459975	59678648
26	VR14	1678	77258	251330	12437362	59146480
26	DN26	1424	63474	206469	10242830	59435134
26	BU1031	1930	83130	272947	13554560	57359930
26	VT27	3042	126242	438024	22541687	60211240
26	CW2214	2079	90202	299847	15092511	60747222
26	BU04	1996	86616	285100	14051376	58751144
26	GC30	2771	114189	400940	20358767	57349136
26	DL2524	2877	124822	429134	21912577	57536282
26	VT29	2762	119273	415487	21127050	56548090
26	DL23523	3093	127684	442476	22715721	59524162
26	PZ29	1558	68723	223626	11077720	60782124
26	LI04	866	37410	127521	6356532	60070242
26	WE2430	1576	68327	227102	11301167	60880162
26	WS04	3046	128207	444081	22781251	59957942
26	WE2431	1561	68554	226366	11271635	60434360
26	WS05	3065	127592	439162	22620529	59375906
26	BB10	2855	121101	422910	21275506	56685344
26	CA14	2778	113568	401562	20200408	57075160
26	VG21	2951	120746	423834	21672063	58688530
26	CE29	3031	124639	438603	22541996	60933312
26	FC11	915	39829	131477	6583122	60943330
26	MM27	2846	114536	405885	20742624	58558064
26	NF30	2949	122852	431274	21955987	57869046
26	MI21	1462	64648	211120	10702174	61255612
26	FU14	2716	114162	398576	20348508	58322948
26	BB13	2859	118271	415330	21039537	56148876
26	WB20	1167	53131	177332	8718423	60168742
27	SH2514	3025	124232	433554	22399524	59736936
27	NF24	2982	125546	437079	22460335	59080956
27	WB13	1295	58976	194941	9666147	60758746
27	CW2212	1780	80723	265166	13128371	58649112
27	SH2515	3062	124570	435375	22433359	59584664
27	VR14	1660	77068	249961	12398713	59038148
27	DN26	1411	63448	205596	10220506	59328630
27	BU1031	1906	82938	271340	13516133	57250318
27	VT27	3013	126082	436043	22509748	60116140
27	CW2214	2065	90212	299378	15104471	60648040
27	BU04	1967	86335	283502	14004837	58644452
27	GC30	2748	113945	399243	20331431	57263364
27	DL2524	2834	124695	427269	21882430	57444616
27	VT29	2730	119134	413527	21099792	56460552
27	DL23523	3057	127532	440714	22687315	59429056
27	PZ29	1533	68426	222578	11035153	60678696
27	LI04	849	37408	126658	6343983	59964450
27	WE2430	1549	68097	225632	11245906	60776732
27	WS04	3007	127975	442041	22745088	59863930
27	WE2431	1539	68278	224740	11221669	60328518
27	WS05	3043	127369	437215	22590646	59283958
27	BB10	2821	120906	420877	21241021	56589368
27	CA14	2743	113293	399738	20170088	56983750
27	VG21	2924	120592	421883	21642920	58596982
27	CE29	3005	124385	436488	22505946	60837348
27	FC11	903	39860	130842	6569659	60839138
27	MM27	2820	114417	404161	20712360	58467898
27	NF30	2916	122805	429224	21925048	57777340
27	MI21	1453	64360	209853	10663977	61152344
27	FU14	2681	114065	396669	20318421	58233708
27	BB13	2833	118033	413232	21008332	56064370
27	WB20	1155	53041	176464	8698641	60065048
28	SH2514	3020	124705	434296	22524803	60082456
28	NF24	2994	125883	438089	22589845	59425156
28	WB13	1306	59154	195152	9740121	61106508
28	CW2212	1789	81042	265708	13221522	58986012
28	SH2515	3068	124982	436145	22556603	59931068
28	VR14	1666	77297	250164	12487853	59379228
28	DN26	1422	63769	206495	10304249	59676674
28	BU1031	1921	83243	272073	13607415	57579360
28	VT27	3018	126433	436621	22630814	60465182
28	CW2214	2066	90525	299687	15188306	60995198
28	BU04	1983	86638	283796	14101916	58979048
28	GC30	2746	114474	399619	20448586	57594992
28	DL2524	2861	125116	427728	22004718	57782556
28	VT29	2730	119511	414228	21215866	56791834
28	DL23523	3068	127906	441337	22809795	59770472
28	PZ29	1548	68767	222455	11115425	61026238
28	LI04	857	37516	127032	6382771	60307172
28	WE2430	1561	68444	226874	11343655	61123402
28	WS04	3022	128518	442844	22875144	60211160
28	WE2431	1544	68457	224908	11305941	60674612
28	WS05	3030	127979	438246	22721898	59626438
28	BB10	2831	121340	421607	21363580	56916614
28	CA14	2747	113685	400406	20287877	57315476
28	VG21	2931	120945	422529	21756477	58935884
28	CE29	3014	124765	437228	22636789	61187214
28	FC11	905	39907	131038	6615561	61186420
28	MM27	2815	114810	404705	20833691	58810994
28	NF30	2926	123167	430039	22050137	58106998
28	MI21	1447	64686	210188	10736387	61501098
28	FU14	2690	114396	397350	20435296	58570606
28	BB13	2837	118467	413978	21129801	56384344
28	WB20	1161	53223	176366	8756317	60407616
29	SH2514	3034	124268	434800	22467379	59917014
29	NF24	3002	125440	438294	22533643	59263004
29	WB13	1314	59035	195432	9724332	60945786
29	CW2212	1792	80658	265497	13168853	58837576
29	SH2515	3083	124527	436488	22501072	59765228
29	VR14	1675	77086	250365	12447366	59225892
29	DN26	1424	63280	205591	10232387	59518378
29	BU1031	1929	82908	271733	13554327	57433210
29	VT27	3034	125952	436924	22578640	60301646
29	CW2214	2072	90058	298995	15111742	60830976
29	BU04	1995	86329	283638	14049081	58826250
29	GC30	2758	114061	399937	20395165	57435980
29	DL2524	2867	124568	428046	21951193	57618216
29	VT29	2749	119102	414579	21166422	56637116
29	DL23523	3091	127507	441585	22756580	59609660
29	PZ29	1554	68473	222775	11079842	60865320
29	LI04	861	37263	127149	6362545	60146220
29	WE2430	1572	68169	226282	11297138	60959046
29	WS04	3036	127971	443195	22822266	60049302
29	WE2431	1559	68383	225526	11270025	60514650
29	WS05	3059	127479	438170	22664582	59462456
29	BB10	2836	120861	421965	21312475	56767496
29	CA14	2771	113274	400526	20234931	57160114
29	VG21	2938	120552	422750	21705194	58773990
29	CE29	3031	124360	437473	22578673	61020532
29	FC11	910	39603	130983	6591257	61023300
29	MM27	2835	114369	404977	20779187	58646174
29	NF30	2928	122688	430347	21994783	57946828
29	MI21	1459	64338	209717	10699323	61336406
29	FU14	2709	114056	397744	20385772	58413608
29	BB13	2850	118130	414529	21080884	56230070
29	WB20	1164	52929	176678	8729038	60247424
30	SH2514	3029	124095	434353	22430391	59803464
30	NF24	3000	125262	437593	22485518	59151678
30	WB13	1304	58938	195181	9708829	60835064
30	CW2212	1777	80645	265240	13166861	58730670
30	SH2515	3069	124353	436095	22465753	59653512
30	VR14	1666	77006	250136	12435075	59120006
30	DN26	1407	63353	205708	10255639	59411080
30	BU1031	1914	82795	271442	13542394	57330770
30	VT27	3020	125721	436352	22531851	60184128
30	CW2214	2055	89815	298479	15085977	60718830
30	BU04	1978	86291	283430	14033643	58722704
30	GC30	2752	113844	399424	20362846	57325632
30	DL2524	2861	124389	427517	21913336	57512332
30	VT29	2739	118832	413911	21123375	56525764
30	DL23523	3078	127173	440828	22711828	59496304
30	PZ29	1548	68369	222466	11057518	60754114
30	LI04	852	37260	126970	6352770	60040018
30	WE2430	1562	67998	225482	11273239	60848396
30	WS04	3030	127725	442423	22777926	59933824
30	WE2431	1548	68329	224835	11250089	60404698
30	WS05	3042	127381	437787	22629128	59348560
30	BB10	2830	120736	421497	21270361	56657380
30	CA14	2758	113199	400193	20202769	57050800
30	VG21	2927	120370	422458	21665727	58662112
30	CE29	3025	124245	437001	22541861	60905274
30	FC11	901	39631	130873	6583178	60913406
30	MM27	2830	114204	404505	20745349	58534178
30	NF30	2934	122541	429784	21949900	57844562
30	MI21	1448	64406	210153	10688688	61226392
30	FU14	2690	113821	397140	20351477	58298756
30	BB13	2834	117797	413943	21040552	56124616
30	WB20	1151	52907	176521	8718273	60139226
31	SH2514	3030	124246	435582	22414253	59785580
31	NF24	3009	125283	438596	22468421	59138038
31	WB13	1312	58877	195886	9710727	60819938
31	CW2212	1788	80730	266386	13167395	58711668
31	SH2515	3078	124558	437140	22445386	59632694
31	VR14	1674	76899	251032	12443674	59101248
31	DN26	1411	63045	206203	10210314	59390832
31	BU1031	1927	82837	272790	13551148	57317642
31	VT27	3033	125945	437465	22523320	60168060
31	CW2214	2073	89942	299711	15086920	60701432
31	BU04	1985	86236	284889	14042780	58707216
31	GC30	2754	114111	400649	20347184	57306634
31	DL2524	2850	124663	428665	21897018	57496276
31	VT29	2747	119012	415036	21105917	56503492
31	DL23523	3077	127442	442091	22701372	59480942
31	PZ29	1552	68277	223269	11058557	60735768
31	LI04	859	37189	127306	6355533	60024848
31	WE2430	1567	68138	226936	11288613	60832040
31	WS04	3015	128060	443735	22759343	59913122
31	WE2431	1559	68437	226065	11262147	60387342
31	WS05	3050	127527	439106	22614979	59330052
31	BB10	2836	120915	422730	21263866	56646144
31	CA14	2763	113219	401251	20184915	57030160
31	VG21	2931	120518	423586	21647480	58644376
31	CE29	3023	124375	438298	22526648	60888400
31	FC11	909	39567	131334	6584595	60897942
31	MM27	2827	114378	405642	20728320	58515508
31	NF30	2947	122747	430787	21938704	57831640
31	MI21	1453	64476	210796	10671580	61209532
31	FU14	2702	113995	398368	20333905	58276648
31	BB13	2835	117988	415152	21026958	56114656
31	WB20	1165	52813	177119	8721732	60121770
32	SH2514	2994	124414	435958	22453459	59882304
32	NF24	2969	125727	439471	22518418	59227810
32	WB13	1309	59090	195912	9725588	60917104
32	CW2212	1781	80860	266070	13181676	58804752
32	SH2515	3043	124777	437536	22485241	59728612
32	VR14	1660	77152	250986	12437407	59200872
32	DN26	1414	63442	206124	10234106	59485422
32	BU1031	1916	83109	272859	13568558	57403528
32	VT27	2987	126133	437960	22560943	60263194
32	CW2214	2042	90280	299983	15108795	60800202
32	BU04	1979	86530	284808	14060789	58802194
32	GC30	2728	114146	400993	20377087	57398328
32	DL2524	2836	124811	429134	21924222	57593834
32	VT29	2707	119270	415484	21141497	56596040
32	DL23523	3040	127633	442598	22740202	59573272
32	PZ29	1547	68652	223606	11084125	60834070
32	LI04	862	37388	127355	6366572	60120794
32	WE2430	1564	68351	227007	11305822	60929588
32	WS04	2995	128198	444238	22795031	60007616
32	WE2431	1556	68572	226166	11272758	60485770
32	WS05	3018	127633	439242	22641290	59423724
32	BB10	2799	121157	423101	21291876	56743588
32	CA14	2732	113455	401620	20219236	57119902
32	VG21	2918	120786	423950	21687032	58737394
32	CE29	2999	124585	438867	22569488	60986106
32	FC11	909	39774	131379	6594948	60996162
32	MM27	2796	114471	405919	20761910	58607690
32	NF30	2905	122948	431555	21980167	57922688
32	MI21	1444	64526	210947	10716404	61308552
32	FU14	2672	114137	398521	20368101	58370762
32	BB13	2809	118209	415550	21057080	56198414
32	WB20	1155	53113	177225	8731974	60220158
33	SH2514	3043	124657	435551	22420294	59805380
33	NF24	3012	125804	439186	22485564	59152044
33	WB13	1320	59127	195853	9708497	60841602
33	CW2212	1797	80895	266146	13163619	58736402
33	SH2515	3088	124911	437166	22452067	59653500
33	VR14	1679	77283	251214	12433871	59126956
33	DN26	1428	63413	205862	10207495	59412442
33	BU1031	1933	83106	272490	13547674	57334438
33	VT27	3039	126317	437680	22519162	60185778
33	CW2214	2076	90273	299691	15078729	60723200
33	BU04	1997	86508	284630	14039949	58730684
33	GC30	2764	114349	400820	20352752	57324444
33	DL2524	2867	124940	428605	21894224	57517406
33	VT29	2751	119358	415092	21109464	56524560
33	DL23523	3090	127826	442316	22702862	59498102
33	PZ29	1557	68633	223253	11059164	60758192
33	LI04	866	37442	127531	6358666	60046866
33	WE2430	1574	68411	226993	11294994	60853926
33	WS04	3039	128389	443858	22765342	59931606
33	WE2431	1563	68500	226009	11251982	60410230
33	WS05	3064	127869	438846	22609573	59347950
33	BB10	2853	121233	422753	21259780	56674890
33	CA14	2776	113652	401316	20190805	57048280
33	VG21	2938	120857	423547	21654880	58663406
33	CE29	3028	124750	438318	22534644	60909574
33	FC11	915	39824	131552	6588908	60919284
33	MM27	2835	114631	405624	20733115	58532982
33	NF30	2950	123023	431203	21950172	57847296
33	MI21	1459	64587	210835	10688105	61232310
33	FU14	2711	114354	398362	20341511	58298384
33	BB13	2851	118334	415246	21024264	56126062
33	WB20	1167	53098	177283	8722943	60145252
34	SH2514	3030	124288	433992	22412977	59800116
34	NF24	2995	125451	437365	22474655	59148754
34	WB13	1310	59125	195510	9719093	60833500
34	CW2212	1787	80686	265495	13170015	58729244
34	SH2515	3068	124551	435620	22449160	59648964
34	VR14	1676	77237	250894	12452401	59119460
34	DN26	1422	63304	205453	10223119	59407692
34	BU1031	1929	83038	271697	13546312	57327092
34	VT27	3028	125904	435990	22509516	60180144
34	CW2214	2065	89906	298476	15075523	60715144
34	BU04	1991	86345	283747	14040242	58721150
34	GC30	2756	114004	399338	20343370	57324114
34	DL2524	2865	124568	427107	21889542	57508140
34	VT29	2748	118913	413561	21097439	56522030
34	DL23523	3081	127378	440564	22692613	59492154
34	PZ29	1541	68540	223075	11079373	60751966
34	LI04	852	37297	127001	6358432	60038496
34	WE2430	1572	68218	226385	11286804	60848770
34	WS04	3034	127884	441955	22750830	59929878
34	WE2431	1563	68458	225578	11257830	60403784
34	WS05	3054	127394	437321	22604239	59344656
34	BB10	2835	120909	421328	21261122	56659984
34	CA14	2759	113220	399948	20182951	57045422
34	VG21	2930	120511	421993	21645516	58659726
34	CE29	3023	124424	437107	22531608	60902980
34	FC11	907	39721	130882	6588175	60911864
34	MM27	2821	114306	404203	20725434	58530542
34	NF30	2938	122730	429709	21943172	57840214
34	MI21	1452	64619	210628	10710260	61225056
34	FU14	2696	113931	396779	20330997	58294328
34	BB13	2836	118043	413886	21026240	56126788
34	WB20	1154	53067	176836	8727194	60138042
35	SH2514	3015	125024	435514	22459190	59886248
35	NF24	2982	126264	439058	22522728	59235968
35	WB13	1320	59226	195603	9700391	60916504
35	CW2212	1792	81029	265995	13167384	58810240
35	SH2515	3060	125307	437360	22491596	59733602
35	VR14	1676	77359	250756	12426899	59202690
35	DN26	1428	63642	206383	10245104	59492240
35	BU1031	1935	83283	272323	13543758	57410342
35	VT27	3014	126768	437487	22558347	60265782
35	CW2214	2061	90538	299611	15098713	60802194
35	BU04	1993	86703	284402	14039795	58805138
35	GC30	2739	114777	400615	20385093	57403594
35	DL2524	2851	125364	428888	21938807	57591502
35	VT29	2733	119741	414928	21149330	56599252
35	DL23523	3065	128196	442258	22741984	59576258
35	PZ29	1555	68809	223238	11066581	60839114
35	LI04	862	37537	127282	6360225	60124126
35	WE2430	1562	68327	226516	11278865	60933612
35	WS04	3018	128791	444168	22806740	60015464
35	WE2431	1553	68549	225703	11243209	60489464
35	WS05	3039	128245	438991	22652971	59429676
35	BB10	2829	121620	422736	21305644	56739720
35	CA14	2752	114057	401421	20225416	57128068
35	VG21	2925	121264	423703	21692647	58741680
35	CE29	3009	125160	438406	22572682	60988962
35	FC11	911	39935	131352	6589793	60997904
35	MM27	2821	115047	405635	20769311	58613780
35	NF30	2917	123419	431183	21986065	57922120
35	MI21	1457	64806	210810	10694131	61310684
35	FU14	2683	114684	398412	20374246	58379802
35	BB13	2824	118845	415434	21073044	56209016
35	WB20	1171	53268	177210	8729246	60225872
36	SH2514	3048	125381	438286	22598639	60269828
36	NF24	3022	126582	441819	22659805	59612704
36	WB13	1323	59498	196984	9767567	61306010
36	CW2212	1799	81417	267780	13257475	59180352
36	SH2515	3094	125639	439925	22630308	60117256
36	VR14	1683	77773	252649	12521851	59574102
36	DN26	1430	63932	207657	10313425	59866272
36	BU1031	1937	83696	274391	13649112	57768190
36	VT27	3049	127114	440425	22703161	60653018
36	CW2214	2082	90949	301924	15219128	61191732
36	BU04	1999	87105	286494	14145437	59173624
36	GC30	2772	115026	403215	20511758	57772246
36	DL2524	2879	125742	431473	22075168	57959184
36	VT29	2765	120080	417739	21281262	56964990
36	DL23523	3096	128538	445020	22885179	59959782
36	PZ29	1561	69106	224759	11143535	61224132
36	LI04	868	37675	128214	6402094	60504416
36	WE2430	1576	68779	228319	11374068	61320644
36	WS04	3045	129113	446663	22949841	60398622
36	WE2431	1567	68974	227465	11340670	60871918
36	WS05	3070	128598	441723	22794215	59812042
36	BB10	2855	121957	425382	21434328	57100678
36	CA14	2779	114269	403785	20350124	57493354
36	VG21	2953	121578	426170	21826346	59119198
36	CE29	3041	125456	441125	22712055	61380264
36	FC11	917	40064	132202	6633612	61386324
36	MM27	2846	115349	408167	20897751	58990346
36	NF30	2954	123760	433820	22122259	58293168
36	MI21	1463	65043	212194	10770623	61701470
36	FU14	2716	114971	400838	20501116	58750918
36	BB13	2860	119082	417818	21198076	56562098
36	WB20	1171	53489	178345	8785468	60605692
37	SH2514	3042	124082	434708	22471316	59936472
37	NF24	3015	125314	438198	22533430	59282676
37	WB13	1309	59023	195308	9723939	60967446
37	CW2212	1793	80769	265786	13195755	58854252
37	SH2515	3082	124351	436351	22501956	59788552
37	VR14	1677	77103	250704	12461843	59245564
37	DN26	1422	63595	206542	10281795	59541978
37	BU1031	1932	82863	271912	13566822	57451734
37	VT27	3034	125881	436787	22577033	60318068
37	CW2214	2072	89988	299187	15132656	60853556
37	BU04	1994	86226	283843	14061119	58849180
37	GC30	2761	113822	399739	20398159	57455018
37	DL2524	2876	124507	427974	21952752	57641164
37	VT29	2752	118920	414326	21163090	56654610
37	DL23523	3078	127245	441455	22755326	59630636
37	PZ29	1559	68479	222868	11075258	60888218
37	LI04	860	37302	127187	6365143	60169270
37	WE2430	1570	68312	226657	11313865	60981558
37	WS04	3035	127803	443148	22825559	60066360
37	WE2431	1558	68365	225467	11278171	60537772
37	WS05	3063	127338	438194	22670104	59483822
37	BB10	2850	120853	421868	21317628	56784540
37	CA14	2766	113178	400346	20238379	57178628
37	VG21	2945	120339	422682	21705775	58793742
37	CE29	3031	124190	437402	22585169	61040084
37	FC11	912	39719	131074	6595874	61044696
37	MM27	2833	114308	404730	20782361	58665108
37	NF30	2946	122535	430226	21996190	57969660
37	MI21	1461	64515	210481	10708516	61359498
37	FU14	2704	113881	397445	20388263	58430532
37	BB13	2847	117876	414411	21078158	56254908
37	WB20	1158	52922	176653	8735380	60271482
38	SH2514	3033	124867	436119	22436860	59834432
38	NF24	3006	126054	439528	22498761	59184498
38	WB13	1319	59254	196087	9707833	60865572
38	CW2212	1793	81061	266553	13170843	58757490
38	SH2515	3076	125076	437605	22468186	59682322
38	VR14	1679	77397	251505	12444648	59147776
38	DN26	1426	63758	206989	10280524	59442938
38	BU1031	1934	83307	272927	13564457	57355914
38	VT27	3025	126499	438120	22541458	60213588
38	CW2214	2072	90442	300153	15091454	60750004
38	BU04	1997	86771	285146	14057693	58753396
38	GC30	2762	114461	400967	20366158	57353346
38	DL2524	2868	125148	429109	21913282	57539784
38	VT29	2749	119461	415500	21128467	56556612
38	DL23523	3084	127946	442435	22716470	59525920
38	PZ29	1555	68841	223784	11077469	60785816
38	LI04	862	37522	127665	6362648	60071580
38	WE2430	1573	68596	227565	11330483	60880394
38	WS04	3022	128534	444184	22779549	59961916
38	WE2431	1559	68703	226380	11273956	60438992
38	WS05	3053	128018	439223	22626820	59379546
38	BB10	2837	121410	423138	21281704	56688638
38	CA14	2769	113745	401661	20203927	57075476
38	VG21	2941	121057	423922	21667410	58690912
38	CE29	3033	124911	438849	22552172	60938708
38	FC11	913	39947	131799	6596601	60946236
38	MM27	2835	114771	406029	20749230	58562826
38	NF30	2946	123213	431518	21961706	57878006
38	MI21	1460	64816	211371	10713599	61259582
38	FU14	2693	114437	398700	20356300	58326246
38	BB13	2854	118564	415418	21044138	56151330
38	WB20	1168	53334	177679	8739115	60171832
39	SH2514	3023	124518	435711	22421350	59786076
39	NF24	2998	125706	439399	22484789	59133380
39	WB13	1318	59143	195697	9686984	60819670
39	CW2212	1794	80974	266164	13152639	58714662
39	SH2515	3068	124797	437325	22450031	59638364
39	VR14	1679	77355	251351	12435169	59103244
39	DN26	1427	63677	206821	10268198	59393300
39	BU1031	1932	83229	272774	13546388	57315322
39	VT27	3025	126253	437939	22527250	60163700
39	CW2214	2068	90297	300027	15087214	60703484
39	BU04	1995	86633	284899	14039502	58709716
39	GC30	2750	114261	400886	20347238	57307136
39	DL2524	2855	124815	428757	21898682	57491202
39	VT29	2742	119275	415484	21116751	56503182
39	DL23523	3073	127601	442223	22701291	59476820
39	PZ29	1557	68788	223816	11070596	60738096
39	LI04	866	37456	127447	6357301	60025818
39	WE2430	1570	68476	227301	11302067	60834376
39	WS04	3020	128187	443757	22758597	59914678
39	WE2431	1561	68582	226278	11256762	60391564
39	WS05	3047	127677	439039	22612257	59331374
39	BB10	2831	121077	422730	21260871	56642208
39	CA14	2756	113560	401360	20188385	57030822
39	VG21	2936	120788	423802	21655444	58645492
39	CE29	3016	124604	438634	22531256	60889366
39	FC11	912	39805	131476	6581574	60900090
39	MM27	2823	114577	405839	20732104	58513980
39	NF30	2933	122969	431434	21948099	57827626
39	MI21	1458	64690	211012	10701637	61211716
39	FU14	2697	114133	398534	20340833	58286068
39	BB13	2839	118238	415210	21029321	56106388
39	WB20	1168	53158	177332	8723722	60125542
40	SH2514	3038	124735	435953	22431941	59822666
40	NF24	3005	125863	439559	22494610	59169180
40	WB13	1323	59190	195968	9695309	60852328
40	CW2212	1797	81020	266631	13168672	58738146
40	SH2515	3082	124954	437709	22464639	59672180
40	VR14	1682	77388	251496	12437358	59131418
40	DN26	1429	63733	207033	10273947	59420946
40	BU1031	1937	83244	273131	13555679	57336296
40	VT27	3040	126387	438064	22540593	60201414
40	CW2214	2082	90579	300864	15149274	60739000
40	BU04	1999	86641	285231	14052420	58732694
40	GC30	2760	114364	401222	20361437	57342746
40	DL2524	2872	125057	429262	21908544	57530618
40	VT29	2751	119370	415521	21125021	56544120
40	DL23523	3089	127806	442679	22715365	59515956
40	PZ29	1560	68798	223791	11063253	60770328
40	LI04	867	37481	127589	6351052	60056030
40	WE2430	1576	68579	227674	11328937	60867402
40	WS04	3036	128378	444305	22770709	59949204
40	WE2431	1567	68651	226572	11278309	60419690
40	WS05	3060	127928	439546	22618268	59372022
40	BB10	2839	121329	423350	21277642	56678916
40	CA14	2768	113576	401700	20198382	57062928
40	VG21	2939	120932	424135	21662759	58680622
40	CE29	3028	124752	438703	22538763	60927396
40	FC11	917	39902	131751	6588106	60931644
40	MM27	2835	114665	406037	20744205	58549310
40	NF30	2944	123093	431532	21959357	57862258
40	MI21	1463	64754	211393	10710060	61246444
40	FU14	2710	114331	398695	20349454	58314528
40	BB13	2852	118408	415793	21044402	56145120
40	WB20	1169	53190	177554	8716708	60155492
41	SH2514	3018	124273	433943	22394753	59734460
41	NF24	2992	125470	437477	22459087	59085414
41	WB13	1301	58934	194681	9668910	60761054
41	CW2212	1770	80896	265458	13151997	58647498
41	SH2515	3056	124554	435481	22424814	59583028
41	VR14	1647	77146	250181	12410375	59037586
41	DN26	1422	63577	206341	10263439	59331152
41	BU1031	1915	83039	271721	13530476	57254350
41	VT27	3000	125959	436066	22495031	60113856
41	CW2214	2040	90388	299518	15115572	60650188
41	BU04	1955	86446	283747	14021841	58648414
41	GC30	2742	114075	399384	20324507	57256988
41	DL2524	2841	124610	427273	21872204	57451122
41	VT29	2721	118978	413728	21086058	56462970
41	DL23523	3055	127490	440670	22679432	59427746
41	PZ29	1543	68593	222939	11047763	60679418
41	LI04	855	37377	126957	6345297	59964548
41	WE2430	1562	68407	226709	11300510	60776338
41	WS04	2997	127983	442237	22733580	59860586
41	WE2431	1531	68497	225262	11231549	60332922
41	WS05	3023	127587	437444	22581001	59279048
41	BB10	2825	120959	421308	21242218	56593850
41	CA14	2743	113358	400021	20166499	56979780
41	VG21	2918	120573	422011	21629734	58594332
41	CE29	3000	124459	436808	22501907	60839150
41	FC11	904	39733	130961	6571404	60841394
41	MM27	2816	114433	404261	20707700	58462846
41	NF30	2925	122766	429620	21927168	57778890
41	MI21	1445	64582	210220	10686921	61154068
41	FU14	2686	113991	396900	20317002	58228776
41	BB13	2830	118071	413547	21006976	56059948
41	WB20	1157	53027	176578	8705648	60067778
42	SH2514	3025	124577	434612	22410264	59779202
42	NF24	2994	125737	438190	22470799	59128496
42	WB13	1311	59162	195465	9701909	60806402
42	CW2212	1778	80971	265565	13162343	58698446
42	SH2515	3078	124856	436359	22443544	59626634
42	VR14	1662	77245	250223	12410801	59082326
42	DN26	1416	63596	205945	10233516	59373930
42	BU1031	1913	83113	271689	13525844	57294942
42	VT27	3035	126241	437035	22514347	60159620
42	CW2214	2058	90455	299508	15106132	60694232
42	BU04	1973	86463	283853	14018407	58688692
42	GC30	2743	114278	399961	20342655	57302048
42	DL2524	2858	124911	428233	21898116	57488094
42	VT29	2747	119232	414494	21106575	56502958
42	DL23523	3079	127718	441551	22696450	59470352
42	PZ29	1548	68737	223017	11056500	60725408
42	LI04	856	37450	127362	6347979	60009104
42	WE2430	1560	68339	226393	11275788	60818168
42	WS04	3026	128339	443197	22758807	59907700
42	WE2431	1545	68545	225335	11236161	60377830
42	WS05	3050	127828	438247	22602352	59323318
42	BB10	2833	121206	422007	21256632	56633704
42	CA14	2765	113551	400645	20184657	57026662
42	VG21	2924	120830	422828	21644944	58638650
42	CE29	3023	124717	437560	22521619	60881536
42	FC11	900	39818	131117	6578539	60883770
42	MM27	2827	114643	405058	20725751	58508998
42	NF30	2930	123007	430370	21935560	57820368
42	MI21	1455	64614	210589	10676661	61197518
42	FU14	2696	114174	397573	20333830	58276938
42	BB13	2840	118359	414459	21024744	56099294
42	WB20	1161	53123	176555	8691485	60111896
43	SH2514	3022	124539	434791	22425378	59822324
43	NF24	2999	125731	438402	22489769	59166170
43	WB13	1306	59061	195234	9702690	60847604
43	CW2212	1780	80811	265793	13161488	58746062
43	SH2515	3065	124843	436575	22460299	59671814
43	VR14	1667	77037	250458	12435716	59127558
43	DN26	1416	63312	205905	10230674	59423494
43	BU1031	1912	82944	272177	13540860	57346494
43	VT27	3023	126289	437197	22538118	60201022
43	CW2214	2053	90131	299161	15098269	60732980
43	BU04	1974	86216	283855	14031221	58736888
43	GC30	2747	114322	400107	20358006	57341478
43	DL2524	2867	124818	428306	21915521	57532292
43	VT29	2746	119303	414640	21130125	56545122
43	DL23523	3070	127619	441658	22714222	59509104
43	PZ29	1544	68480	222897	11058972	60767650
43	LI04	863	37289	126951	6351624	60050986
43	WE2430	1556	68280	226534	11298710	60860774
43	WS04	3027	128236	443175	22775941	59947714
43	WE2431	1545	68134	225044	11238820	60419770
43	WS05	3056	127758	438326	22621968	59364976
43	BB10	2824	121052	422024	21269820	56663816
43	CA14	2752	113507	400870	20200577	57062876
43	VG21	2931	120731	423113	21665268	58678498
43	CE29	3020	124615	437909	22542934	60919762
43	FC11	911	39655	130905	6578297	60925532
43	MM27	2815	114621	405110	20742623	58548776
43	NF30	2934	122956	430403	21953195	57854996
43	MI21	1448	64395	210268	10688925	61239510
43	FU14	2702	114198	397673	20350791	58315388
43	BB13	2834	118304	414635	21039705	56137498
43	WB20	1158	52948	176547	8705373	60152982
44	SH2514	3050	125300	438107	22645634	60411064
44	NF24	3020	126523	441624	22707507	59750752
44	WB13	1321	59510	196941	9800114	61447898
44	CW2212	1797	81321	267529	13289401	59315868
44	SH2515	3093	125579	439773	22677522	60257642
44	VR14	1680	77688	252455	12558132	59709044
44	DN26	1429	63902	207542	10340310	60004450
44	BU1031	1935	83636	274089	13681348	57901772
44	VT27	3047	127030	440224	22751567	60794168
44	CW2214	2082	90923	301877	15265569	61334216
44	BU04	1997	87017	286211	14178264	59309798
44	GC30	2771	115002	403143	20556526	57907746
44	DL2524	2881	125660	431378	22121330	58095320
44	VT29	2765	120012	417613	21327521	57098404
44	DL23523	3097	128477	444911	22932728	60099400
44	PZ29	1560	69110	224756	11177000	61365820
44	LI04	868	37673	128201	6421611	60643398
44	WE2430	1575	68766	228214	11408596	61462462
44	WS04	3046	129074	446529	22996124	60539164
44	WE2431	1567	68985	227461	11374150	61012354
44	WS05	3072	128553	441596	22840711	59951058
44	BB10	2856	121918	425238	21478600	57232232
44	CA14	2778	114223	403689	20393714	57626444
44	VG21	2952	121539	426063	21871917	59256748
44	CE29	3041	125428	440978	22758837	61523264
44	FC11	916	40039	132101	6652046	61527620
44	MM27	2846	115315	408042	20942391	59127026
44	NF30	2954	123731	433633	22166432	58428194
44	MI21	1463	65024	212116	10800633	61844074
44	FU14	2718	114943	400666	20544795	58888946
44	BB13	2859	119041	417686	21243168	56694564
44	WB20	1169	53501	178295	8810782	60745650
45	SH2514	3020	123979	434505	22445645	59889798
45	NF24	2986	125337	438010	22515026	59233854
45	WB13	1319	58922	195347	9710068	60913770
45	CW2212	1788	80670	265637	13176134	58799300
45	SH2515	3054	124209	436157	22477852	59738884
45	VR14	1670	76989	250476	12445130	59189808
45	DN26	1418	63247	206041	10246011	59483454
45	BU1031	1922	82852	272166	13572146	57392456
45	VT27	3018	125724	436625	22552521	60271076
45	CW2214	2072	90214	299851	15154598	60804448
45	BU04	1987	86320	284401	14066851	58793398
45	GC30	2741	113846	399935	20382637	57410248
45	DL2524	2849	124374	427694	21928569	57592016
45	VT29	2734	118822	414343	21143257	56605314
45	DL23523	3062	127112	441207	22732206	59584116
45	PZ29	1553	68491	223164	11083868	60833010
45	LI04	865	37306	127237	6366971	60116354
45	WE2430	1569	68173	226552	11301035	60927500
45	WS04	3010	127800	442791	22798267	60019666
45	WE2431	1560	68326	225644	11265281	60482400
45	WS05	3037	127264	437852	22644697	59434334
45	BB10	2830	120782	421709	21297020	56739858
45	CA14	2745	113219	400613	20221773	57131782
45	VG21	2927	120389	422590	21686891	58747050
45	CE29	3007	124283	437341	22560703	60991090
45	FC11	911	39709	131284	6598042	60992964
45	MM27	2816	114213	404738	20763654	58619988
45	NF30	2923	122560	430099	21978183	57920792
45	MI21	1454	64391	210652	10710928	61306728
45	FU14	2688	113831	397567	20370413	58382248
45	BB13	2827	117839	414314	21062600	56208808
45	WB20	1162	52931	176896	8740091	60219188
46	SH2514	3036	124021	434962	22422800	59811860
46	NF24	3008	125189	438471	22486122	59160608
46	WB13	1311	58896	195706	9715056	60837808
46	CW2212	1788	80422	265677	13157688	58723028
46	SH2515	3082	124369	436787	22455626	59660942
46	VR14	1677	76925	250805	12440443	59113262
46	DN26	1421	63141	206069	10241771	59406260
46	BU1031	1929	82587	272341	13547812	57321526
46	VT27	3039	125712	437307	22531656	60190456
46	CW2214	2071	89890	299817	15124223	60725660
46	BU04	1992	86102	284324	14042421	58718538
46	GC30	2764	113940	400233	20356475	57333830
46	DL2524	2872	124420	428361	21907181	57518288
46	VT29	2759	118745	414755	21121390	56532604
46	DL23523	3088	127165	441783	22708156	59505302
46	PZ29	1556	68348	223139	11072009	60757266
46	LI04	858	37261	127122	6350603	60040194
46	WE2430	1571	68147	226971	11314609	60851152
46	WS04	3037	127837	443353	22771187	59940358
46	WE2431	1558	68078	225639	11258124	60404920
46	WS05	3058	127291	438453	22618128	59357220
46	BB10	2845	120655	422267	21270071	56665610
46	CA14	2773	113126	400891	20192456	57055552
46	VG21	2945	120271	423086	21657604	58669428
46	CE29	3034	124141	437799	22533147	60913390
46	FC11	912	39617	131109	6585900	60916816
46	MM27	2832	114139	405170	20735761	58540204
46	NF30	2943	122470	430697	21952738	57848092
46	MI21	1455	64247	210482	10696065	61230142
46	FU14	2707	113805	397899	20343938	58304908
46	BB13	2852	117810	414684	21033084	56132046
46	WB20	1161	52927	177106	8725263	60141400
47	SH2514	3022	124535	435640	22413470	59770254
47	NF24	2997	125778	439401	22473029	59122190
47	WB13	1314	59207	195952	9705543	60799556
47	CW2212	1784	80915	266273	13152418	58683928
47	SH2515	3061	124778	437275	22436792	59621504
47	VR14	1668	77275	251184	12429622	59075932
47	DN26	1419	63550	206451	10233907	59364408
47	BU1031	1921	83157	272982	13541604	57284408
47	VT27	3025	126261	438096	22519230	60149492
47	CW2214	2065	90421	300558	15127029	60685978
47	BU04	1990	86646	285016	14039901	58683184
47	GC30	2760	114269	400835	20341664	57291698
47	DL2524	2868	124960	429208	21896424	57478946
47	VT29	2750	119319	415508	21105173	56486158
47	DL23523	3079	127739	442566	22702060	59466786
47	PZ29	1549	68651	223318	11054136	60717128
47	LI04	862	37400	127384	6354217	60002338
47	WE2430	1567	68399	226998	11298956	60813524
47	WS04	3023	128299	444166	22756532	59900120
47	WE2431	1555	68574	226171	11269517	60365840
47	WS05	3060	127774	439259	22606255	59315954
47	BB10	2832	121238	422962	21260284	56629508
47	CA14	2760	113539	401499	20182846	57013048
47	VG21	2928	120814	423709	21645244	58626760
47	CE29	3020	124712	438645	22522238	60874234
47	FC11	915	39837	131420	6584633	60879206
47	MM27	2828	114571	405827	20721444	58499074
47	NF30	2935	123037	431463	21939064	57813756
47	MI21	1453	64628	210915	10691535	61191334
47	FU14	2691	114277	398625	20331740	58262790
47	BB13	2838	118326	415342	21025264	56092056
47	WB20	1163	53202	177276	8718865	60103394
48	SH2514	3025	124227	433978	22414548	59768684
48	NF24	2995	125331	436950	22473578	59117152
48	WB13	1316	58899	195213	9710659	60799024
48	CW2212	1784	80671	264745	13142344	58682842
48	SH2515	3076	124432	435502	22444174	59617806
48	VR14	1674	77142	250312	12431695	59071502
48	DN26	1422	63400	205683	10247911	59362448
48	BU1031	1923	82961	271430	13539072	57283686
48	VT27	3003	125849	436092	22519776	60149056
48	CW2214	2067	90258	298945	15119812	60685718
48	BU04	1986	86396	283453	14031656	58678966
48	GC30	2749	113861	398993	20340213	57289308
48	DL2524	2846	124451	426919	21891112	57477298
48	VT29	2744	118927	413525	21109045	56486948
48	DL23523	3072	127230	440351	22697483	59467904
48	PZ29	1548	68476	222329	11056881	60715592
48	LI04	861	37337	127139	6359531	60000308
48	WE2430	1561	68074	225442	11277743	60812814
48	WS04	3008	127839	442075	22759504	59899278
48	WE2431	1563	68550	225488	11268349	60363540
48	WS05	3037	127253	437291	22608355	59315180
48	BB10	2830	120770	420961	21259055	56624318
48	CA14	2740	113125	399520	20181990	57013208
48	VG21	2925	120387	421639	21641319	58626372
48	CE29	3014	124248	436565	22522466	60873100
48	FC11	908	39727	131088	6591294	60878070
48	MM27	2817	114191	403989	20722006	58496586
48	NF30	2911	122488	429193	21933235	57810110
48	MI21	1448	64374	209700	10690967	61190626
48	FU14	2683	113842	396697	20331636	58263152
48	BB13	2827	117883	413404	21021762	56090066
48	WB20	1167	52868	176410	8720378	60103742
49	SH2514	3029	124276	434212	22401703	59761942
49	NF24	3003	125247	437384	22454954	59111548
49	WB13	1314	58975	195434	9715546	60793668
49	CW2212	1784	80624	265727	13158278	58682032
49	SH2515	3076	124452	435528	22433319	59610546
49	VR14	1666	76969	250477	12423836	59071224
49	DN26	1424	63418	206088	10241742	59360060
49	BU1031	1927	82966	272032	13545058	57282370
49	VT27	3026	125884	435995	22508752	60142068
49	CW2214	2064	89983	298779	15094953	60677528
49	BU04	1984	86325	284080	14037144	58677924
49	GC30	2764	113878	399162	20333002	57283616
49	DL2524	2864	124513	427192	21872746	57471628
49	VT29	2747	118986	413746	21100734	56479052
49	DL23523	3076	127328	440735	22675518	59455542
49	PZ29	1549	68582	222907	11064298	60710154
49	LI04	862	37307	127219	6358947	59996050
49	WE2430	1568	68073	226235	11283392	60805654
49	WS04	3029	127936	442329	22741471	59887896
49	WE2431	1557	68347	225659	11268471	60360106
49	WS05	3057	127343	437358	22595083	59305198
49	BB10	2841	120784	421398	21251651	56619928
49	CA14	2766	113141	399849	20171172	57005518
49	VG21	2944	120430	422010	21632221	58620088
49	CE29	3023	124218	436756	22510520	60865088
49	FC11	912	39765	131198	6589411	60870944
49	MM27	2830	114216	404322	20712986	58489248
49	NF30	2941	122534	429667	21923076	57799954
49	MI21	1451	64544	210626	10692180	61183616
49	FU14	2702	113937	396747	20318260	58254838
49	BB13	2844	118045	413793	21010425	56087766
49	WB20	1159	52888	176709	8722143	60097648
50	SH2514	3032	124836	435402	22437134	59854702
50	NF24	2982	126057	439008	22497250	59201130
50	WB13	1319	59285	196000	9713370	60887500
50	CW2212	1792	81126	266187	13176869	58779246
50	SH2515	3062	125123	437157	22468891	59703470
50	VR14	1676	77441	251045	12438183	59168422
50	DN26	1423	63674	206550	10250077	59456428
50	BU1031	1931	83365	272729	13562150	57378176
50	VT27	3025	126569	437768	22544837	60234042
50	CW2214	2069	90494	299602	15092735	60770156
50	BU04	1992	86771	284937	14055158	58771030
50	GC30	2741	114529	400691	20364257	57375568
50	DL2524	2866	125114	428491	21910490	57558948
50	VT29	2745	119612	415231	21132975	56575336
50	DL23523	3075	127932	441972	22714556	59546526
50	PZ29	1557	68840	223594	11074968	60805408
50	LI04	867	37528	127672	6363389	60091000
50	WE2430	1571	68496	227003	11298696	60900632
50	WS04	3028	128558	443741	22779022	59981294
50	WE2431	1561	68743	226676	11294010	60454422
50	WS05	3054	128049	438668	22625798	59399496
50	BB10	2830	121365	422542	21276396	56703094
50	CA14	2757	113804	401207	20205677	57097910
50	VG21	2930	121082	423263	21665569	58710982
50	CE29	3024	124918	438180	22545151	60957350
50	FC11	914	39947	131679	6595323	60964322
50	MM27	2815	114844	405508	20744938	58582276
50	NF30	2924	123244	430928	21960523	57889032
50	MI21	1459	64771	210966	10700639	61277192
50	FU14	2699	114484	398337	20351968	58347404
50	BB13	2834	118546	415105	21042464	56170678
50	WB20	1165	53295	177282	8723147	60192646
51	SH2514	3032	124481	434839	22494000	60004902
51	NF24	3005	125669	438401	22556929	59348410
51	WB13	1313	58956	195116	9715353	61029276
51	CW2212	1783	80801	265631	13196034	58917284
51	SH2515	3076	124742	436557	22527900	59850930
51	VR14	1668	77099	250407	12459251	59303508
51	DN26	1416	63378	205893	10263440	59597388
51	BU1031	1920	83021	272077	13580471	57511706
51	VT27	3032	126236	437076	22605644	60384690
51	CW2214	2070	90304	299689	15157924	60918538
51	BU04	1984	86386	284066	14074770	58906988
51	GC30	2761	114223	399972	20420475	57518682
51	DL2524	2866	124750	428097	21970877	57705826
51	VT29	2752	119294	414689	21190555	56717104
51	DL23523	3083	127566	441570	22775465	59694462
51	PZ29	1549	68571	222806	11090238	60950168
51	LI04	868	37342	127047	6370520	60232368
51	WE2430	1566	68177	226077	11309730	61044708
51	WS04	3031	128205	443214	22842191	60131158
51	WE2431	1564	68580	225908	11301019	60598538
51	WS05	3059	127731	438392	22690239	59546638
51	BB10	2843	121017	421966	21332345	56840238
51	CA14	2766	113472	400636	20258847	57239302
51	VG21	2938	120739	422876	21726346	58858858
51	CE29	3027	124567	437644	22604868	61106792
51	FC11	913	39784	131045	6600375	61109344
51	MM27	2835	114516	405099	20803224	58729418
51	NF30	2941	122904	430553	22032143	58048494
51	MI21	1453	64429	210248	10713391	61423474
51	FU14	2706	114179	397686	20409137	58494064
51	BB13	2847	118227	414567	21101496	56310432
51	WB20	1167	53099	176952	8746032	60333258
52	SH2514	3050	125456	438501	22656759	60438632
52	NF24	3022	126642	442013	22718605	59778624
52	WB13	1323	59531	197055	9802735	61476440
52	CW2212	1799	81458	267902	13299017	59342828
52	SH2515	3094	125718	440153	22688709	60285792
52	VR14	1683	77797	252759	12565838	59736624
52	DN26	1430	63963	207720	10344618	60032308
52	BU1031	1937	83721	274465	13690205	57927104
52	VT27	3049	127170	440640	22762815	60822416
52	CW2214	2083	90990	302082	15272242	61362532
52	BU04	1999	87147	286587	14188193	59336770
52	GC30	2774	115098	403413	20565700	57934130
52	DL2524	2881	125780	431692	22131691	58121468
52	VT29	2765	120146	417975	21337347	57124844
52	DL23523	3098	128617	445256	22943786	60127558
52	PZ29	1561	69148	224891	11181533	61394380
52	LI04	868	37687	128255	6423392	60671470
52	WE2430	1576	68817	228402	11412666	61490974
52	WS04	3047	129201	446888	23007478	60567510
52	WE2431	1567	69007	227535	11376934	61040586
52	WS05	3072	128683	441936	22852109	59979260
52	BB10	2857	122036	425590	21489405	57259394
52	CA14	2780	114347	404015	20404131	57653842
52	VG21	2954	121654	426407	21882939	59284364
52	CE29	3043	125555	441340	22770210	61551862
52	FC11	917	40099	132267	6655804	61556186
52	MM27	2847	115420	408388	20952095	59154230
52	NF30	2956	123854	434020	22177437	58455860
52	MI21	1463	65071	212265	10805665	61872878
52	FU14	2718	115057	401016	20554493	58916424
52	BB13	2861	119159	418029	21253267	56720738
52	WB20	1171	53515	178405	8813427	60773542
53	SH2514	3024	124091	434589	22482931	59969746
53	NF24	2984	125406	438103	22544634	59310722
53	WB13	1312	58916	195486	9730227	60994462
53	CW2212	1785	80614	265022	13186450	58879640
53	SH2515	3067	124488	436406	22518449	59817216
53	VR14	1667	76998	249839	12461719	59269246
53	DN26	1424	63353	205556	10261692	59564710
53	BU1031	1926	82876	271686	13575421	57474162
53	VT27	3028	125858	436803	22592582	60350184
53	CW2214	2064	89999	298913	15144217	60884078
53	BU04	1985	86217	283506	14068547	58872556
53	GC30	2744	113947	399885	20410195	57487134
53	DL2524	2856	124555	427863	21961491	57672400
53	VT29	2746	118964	414289	21179926	56687302
53	DL23523	3058	127217	441174	22766968	59658756
53	PZ29	1552	68556	222828	11094605	60912924
53	LI04	858	37177	126694	6366832	60193700
53	WE2430	1560	68198	226325	11322556	61006998
53	WS04	3014	127711	442653	22828484	60099610
53	WE2431	1555	68298	225240	11279132	60559964
53	WS05	3050	127388	437992	22679079	59518758
53	BB10	2833	120764	421640	21322415	56809476
53	CA14	2755	113107	400262	20248766	57208060
53	VG21	2925	120293	422454	21714105	58821894
53	CE29	3012	124185	437265	22593061	61071228
53	FC11	907	39664	130878	6597736	61073722
53	MM27	2831	114236	404675	20791564	58696300
53	NF30	2916	122634	430062	22006839	58001416
53	MI21	1453	64311	209876	10710627	61386412
53	FU14	2697	113877	397547	20396769	58459864
53	BB13	2837	117878	414373	21090248	56279712
53	WB20	1163	52829	176385	8733186	60294772
54	SH2514	3025	124576	434418	22407933	59793322
54	NF24	3007	125748	438149	22472138	59137456
54	WB13	1316	59159	195370	9708625	60817134
54	CW2212	1784	80896	265408	13161444	58702610
54	SH2515	3073	124899	436196	22440715	59640926
54	VR14	1672	77243	250555	12442736	59093892
54	DN26	1413	63474	205676	10228407	59388586
54	BU1031	1926	83181	271712	13546796	57301386
54	VT27	3025	126336	436830	22516660	60172210
54	CW2214	2071	90382	299149	15113982	60706616
54	BU04	1982	86651	284186	14043705	58699010
54	GC30	2762	114308	399592	20343327	57316370
54	DL2524	2866	124899	427652	21896188	57501510
54	VT29	2743	119403	414324	21107784	56523004
54	DL23523	3080	127757	441120	22696311	59484014
54	PZ29	1547	68728	222942	11070562	60735434
54	LI04	866	37471	127023	6350251	60020050
54	WE2430	1561	68346	226506	11295339	60829414
54	WS04	3033	128302	442843	22758181	59920734
54	WE2431	1558	68616	225771	11270328	60384958
54	WS05	3060	127960	438371	22613929	59338676
54	BB10	2847	121115	421823	21259215	56648288
54	CA14	2762	113514	400210	20183729	57040666
54	VG21	2930	120756	422485	21642880	58652192
54	CE29	3023	124628	437364	22521162	60896454
54	FC11	911	39849	131069	6586833	60896610
54	MM27	2828	114603	404682	20724115	58521984
54	NF30	2937	122891	430203	21938420	57837540
54	MI21	1447	64640	210394	10691834	61209148
54	FU14	2703	114260	397370	20334103	58288190
54	BB13	2843	118345	414369	21024341	56116074
54	WB20	1161	53193	176863	8715867	60120194
56	SH2514	3035	124388	435660	22438693	59856234
56	NF24	3010	125553	439098	22496832	59203478
56	WB13	1322	59109	196088	9714277	60887316
56	CW2212	1791	80867	266496	13193771	58768878
56	SH2515	3081	124642	437291	22471016	59704766
56	VR14	1675	77143	251064	12448160	59159994
56	DN26	1429	63662	207041	10278284	59454074
56	BU1031	1930	83140	272968	13568627	57368756
56	VT27	3032	126233	437873	22547767	60235890
56	CW2214	2074	90235	300213	15136501	60776528
56	BU04	1990	86548	284978	14063303	58763736
56	GC30	2759	114184	400561	20366903	57375108
56	DL2524	2866	124721	428822	21917951	57561750
56	VT29	2752	119196	415245	21134589	56568716
56	DL23523	3086	127539	442325	22721155	59549186
56	PZ29	1555	68579	223621	11076871	60804774
56	LI04	867	37424	127584	6363251	60089900
56	WE2430	1567	68376	227256	11321152	60901452
56	WS04	3030	128062	444103	22784530	59983580
56	WE2431	1562	68394	225891	11255982	60457286
56	WS05	3056	127567	439037	22628962	59399998
56	BB10	2842	121022	422879	21281028	56710800
56	CA14	2765	113330	401247	20207707	57096982
56	VG21	2938	120534	423667	21669668	58712634
56	CE29	3032	124482	438450	22550030	60961362
56	FC11	914	39820	131611	6600906	60966060
56	MM27	2831	114410	405687	20748426	58583866
56	NF30	2945	122746	431257	21961199	57899606
56	MI21	1459	64517	210851	10701095	61280120
56	FU14	2708	114061	398414	20355069	58346834
56	BB13	2843	118193	415195	21042194	56178086
56	WB20	1169	53124	177507	8735033	60189556
57	SH2514	3040	124512	435579	22448835	59868016
57	NF24	3010	125623	439113	22509027	59218378
57	WB13	1320	59113	195896	9726024	60897236
57	CW2212	1792	80918	266105	13191442	58778114
57	SH2515	3085	124805	437111	22481150	59718532
57	VR14	1676	77254	250902	12453245	59171082
57	DN26	1422	63551	206644	10261943	59463514
57	BU1031	1929	83081	272675	13567726	57380042
57	VT27	3042	126111	437641	22555635	60249284
57	CW2214	2077	90396	300263	15148376	60784108
57	BU04	1993	86527	284708	14062898	58777486
57	GC30	2762	114242	400704	20377155	57387062
57	DL2524	2875	124819	428847	21932995	57573080
57	VT29	2757	119143	415031	21143606	56583198
57	DL23523	3089	127673	442304	22735034	59560646
57	PZ29	1555	68655	223176	11081841	60815354
57	LI04	867	37377	127281	6364842	60099338
57	WE2430	1571	68392	226921	11320653	60910752
57	WS04	3041	128252	443994	22797639	59996130
57	WE2431	1561	68506	225902	11272315	60466696
57	WS05	3062	127629	438996	22642341	59412644
57	BB10	2850	121037	422832	21288683	56719574
57	CA14	2772	113434	401301	20215934	57109808
57	VG21	2947	120668	423487	21681023	58723810
57	CE29	3034	124551	438360	22560656	60972974
57	FC11	911	39737	131180	6595377	60975924
57	MM27	2841	114499	405743	20760290	58596024
57	NF30	2948	122824	431159	21973912	57903502
57	MI21	1455	64587	210640	10709738	61289740
57	FU14	2711	114155	398307	20368172	58362198
57	BB13	2853	118194	415212	21055045	56184452
57	WB20	1167	53043	177066	8736348	60198358
58	SH2514	3041	124477	434956	22456823	59893496
58	NF24	3013	125704	438566	22520074	59237308
58	WB13	1319	59175	195813	9716406	60919446
58	CW2212	1785	80691	265443	13158757	58804470
58	SH2515	3084	124826	436500	22486939	59746962
58	VR14	1674	77216	250876	12447030	59197730
58	DN26	1424	63270	205897	10218690	59494736
58	BU1031	1929	82961	272071	13540847	57399688
58	VT27	3039	126169	437061	22566080	60273698
58	CW2214	2067	90311	299648	15129803	60808534
58	BU04	1983	86468	284320	14039330	58799552
58	GC30	2765	114208	400077	20385342	57412332
58	DL2524	2870	124841	428250	21942115	57597526
58	VT29	2752	119282	414770	21154642	56612514
58	DL23523	3089	127672	441685	22741672	59582832
58	PZ29	1550	68684	223052	11062010	60839378
58	LI04	864	37371	127301	6363139	60123608
58	WE2430	1572	68381	226739	11304863	60935852
58	WS04	3039	128252	443392	22806691	60022870
58	WE2431	1556	68505	225563	11252167	60489944
58	WS05	3059	127777	438370	22653819	59444538
58	BB10	2846	121139	422234	21300789	56743366
58	CA14	2769	113516	400963	20226086	57137086
58	VG21	2944	120773	423130	21690366	58748656
58	CE29	3031	124631	437923	22570725	60996568
58	FC11	913	39834	131272	6591838	60998882
58	MM27	2838	114578	405112	20768534	58620686
58	NF30	2946	122983	430598	21984907	57929234
58	MI21	1461	64621	210756	10703323	61312258
58	FU14	2708	114156	397911	20372991	58385634
58	BB13	2851	118243	414766	21069203	56215094
58	WB20	1163	53110	176974	8727346	60223640
59	SH2514	3025	124459	435754	22548494	60143614
59	NF24	2996	125634	439272	22611197	59486238
59	WB13	1303	58897	195562	9753827	61178506
59	CW2212	1766	80657	266116	13228600	59053264
59	SH2515	3068	124686	437524	22580882	59991422
59	VR14	1655	76978	251164	12501278	59447350
59	DN26	1410	63425	206518	10293186	59739950
59	BU1031	1903	82955	272685	13619675	57644638
59	VT27	3025	126133	437997	22654692	60525440
59	CW2214	2044	90207	300230	15201276	61065346
59	BU04	1966	86321	284642	14115194	59048224
59	GC30	2755	114179	400936	20466581	57651486
59	DL2524	2859	124725	428988	22025169	57836124
59	VT29	2741	119139	415389	21234278	56846896
59	DL23523	3073	127575	442468	22835025	59834438
59	PZ29	1538	68464	223455	11124463	61096200
59	LI04	856	37299	127209	6388816	60375400
59	WE2430	1554	68217	227146	11359967	61192316
59	WS04	3023	128187	444167	22898809	60272376
59	WE2431	1546	68317	226068	11319271	60743904
59	WS05	3050	127646	439334	22745468	59687184
59	BB10	2829	121016	422968	21387789	56980908
59	CA14	2756	113385	401476	20306336	57371592
59	VG21	2928	120705	423811	21777924	58994930
59	CE29	3016	124528	438641	22661937	61253898
59	FC11	898	39671	131338	6621443	61256722
59	MM27	2825	114509	405751	20851718	58866368
59	NF30	2932	122862	431375	22072181	58170426
59	MI21	1438	64454	210877	10747737	61572116
59	FU14	2698	114154	398497	20456638	58629362
59	BB13	2840	118155	415415	21152867	56448412
59	WB20	1158	52942	177100	8768153	60478434
60	SH2514	3011	123885	430901	22477123	59942804
60	NF24	2987	124892	434288	22534875	59285768
60	WB13	1297	58623	193236	9714657	60965360
60	CW2212	1780	80021	262344	13170536	58854426
60	SH2515	3057	124070	432560	22508657	59790470
60	VR14	1662	76575	247547	12451208	59238148
60	DN26	1406	62739	203222	10235094	59538014
60	BU1031	1921	82400	269175	13565258	57449806
60	VT27	3008	125450	433058	22581122	60322470
60	CW2214	2064	89525	296230	15137251	60855304
60	BU04	1969	85704	280716	14057899	58846256
60	GC30	2750	113545	396500	20400045	57457592
60	DL2524	2849	124086	424388	21955090	57640130
60	VT29	2731	118566	410800	21169212	56657246
60	DL23523	3063	126797	437743	22758249	59629684
60	PZ29	1549	67925	220568	11075919	60883292
60	LI04	853	36907	125332	6358287	60169140
60	WE2430	1554	67611	223736	11305367	60977868
60	WS04	3013	127570	439054	22825899	60068868
60	WE2431	1536	67699	222647	11258895	60535142
60	WS05	3041	126900	434605	22670221	59486764
60	BB10	2827	120380	418024	21313468	56778164
60	CA14	2742	112744	397161	20239276	57178956
60	VG21	2932	120083	419330	21711277	58797288
60	CE29	3013	123849	433762	22589213	61041250
60	FC11	898	39259	129443	6588352	61042330
60	MM27	2817	113738	401207	20784396	58670364
60	NF30	2922	122112	426341	21995204	57966374
60	MI21	1435	63980	207996	10701424	61355602
60	FU14	2695	113558	393882	20389162	58431926
60	BB13	2827	117588	410758	21082458	56252988
60	WB20	1145	52526	175071	8730132	60268170
61	SH2514	3009	123469	433306	22430012	59831778
61	NF24	2983	124721	437179	22494927	59180760
61	WB13	1307	58458	194527	9686268	60860574
61	CW2212	1766	80166	264729	13158418	58746622
61	SH2515	3050	123741	434933	22463160	59680784
61	VR14	1660	76699	250010	12440366	59136756
61	DN26	1404	62910	204903	10221295	59431052
61	BU1031	1911	82412	271263	13548084	57344348
61	VT27	3006	125265	435617	22541947	60211486
61	CW2214	2050	89714	298826	15125204	60748338
61	BU04	1974	85874	283288	14042047	58741008
61	GC30	2738	113351	398729	20361035	57352498
61	DL2524	2846	123809	426681	21907348	57536006
61	VT29	2727	118344	413196	21130250	56547918
61	DL23523	3059	126623	440139	22711964	59523320
61	PZ29	1533	68042	222066	11057522	60778576
61	LI04	857	37099	126698	6348100	60061876
61	WE2430	1541	67686	225587	11287149	60875542
61	WS04	3019	127214	441761	22779327	59959394
61	WE2431	1537	67832	224678	11261355	60428832
61	WS05	3037	126686	436887	22621893	59378324
61	BB10	2821	120038	420574	21273412	56682036
61	CA14	2748	112524	399482	20202574	57073752
61	VG21	2918	119747	421516	21664990	58689366
61	CE29	3002	123521	436137	22542722	60934666
61	FC11	907	39484	130720	6585036	60938220
61	MM27	2805	113633	403656	20741544	58559372
61	NF30	2912	122036	429163	21955665	57870256
61	MI21	1446	64105	209840	10694762	61252504
61	FU14	2678	113318	396344	20348094	58325054
61	BB13	2826	117289	413305	21038927	56147114
61	WB20	1150	52621	176313	8722169	60161636
62	SH2514	3008	123814	431748	22376691	59689694
62	NF24	2985	125042	435256	22435780	59038220
62	WB13	1306	58602	193630	9669789	60716864
62	CW2212	1771	80278	263515	13119232	58604122
62	SH2515	3055	124085	433418	22409826	59538436
62	VR14	1665	76921	249453	12427611	58994534
62	DN26	1412	63050	204614	10212572	59290190
62	BU1031	1911	82640	270358	13519081	57207170
62	VT27	3014	125580	434158	22488002	60067190
62	CW2214	2060	89931	297897	15099854	60605424
62	BU04	1972	86016	282354	14011315	58599218
62	GC30	2743	113688	397624	20314015	57212348
62	DL2524	2835	124005	424804	21843767	57395572
62	VT29	2723	118640	411692	21074833	56412882
62	DL23523	3051	126763	438223	22648107	59385128
62	PZ29	1541	68118	221654	11054043	60635064
62	LI04	862	37154	126413	6348924	59921436
62	WE2430	1562	67688	224816	11270978	60733900
62	WS04	3002	127352	439843	22709109	59814992
62	WE2431	1549	68175	224795	11254773	60284654
62	WS05	3022	126775	434898	22556717	59237692
62	BB10	2817	120472	419345	21220641	56545706
62	CA14	2742	112950	398206	20155624	56933756
62	VG21	2918	120146	420369	21620444	58548832
62	CE29	3013	123947	434920	22491056	60792746
62	FC11	908	39552	130394	6580702	60796838
62	MM27	2804	113937	402423	20693659	58418120
62	NF30	2914	122198	427501	21897555	57733102
62	MI21	1447	64437	210134	10695335	61110368
62	FU14	2681	113543	395211	20301288	58186314
62	BB13	2823	117563	411648	20981491	56009666
62	WB20	1159	53007	176263	8713794	60020616
63	SH2514	3027	124482	435516	22458190	59894210
63	NF24	3000	125786	439152	22523959	59239254
63	WB13	1316	59226	195920	9716407	60923094
63	CW2212	1789	80966	266433	13186815	58804976
63	SH2515	3076	124764	437168	22490884	59741746
63	VR14	1675	77325	251333	12462462	59193668
63	DN26	1421	63538	206408	10259229	59488902
63	BU1031	1931	83259	273072	13581912	57402304
63	VT27	3029	126337	437869	22567833	60274184
63	CW2214	2074	90475	300601	15163656	60810758
63	BU04	1993	86670	285135	14075736	58798430
63	GC30	2763	114280	400730	20382178	57410398
63	DL2524	2864	124810	428588	21927746	57593600
63	VT29	2757	119372	415322	21151533	56603490
63	DL23523	3084	127624	442209	22735129	59588480
63	PZ29	1554	68773	223639	11097744	60840880
63	LI04	861	37485	127419	6372802	60123366
63	WE2430	1567	68356	227058	11319978	60938082
63	WS04	3030	128168	443718	22795053	60019372
63	WE2431	1559	68641	226294	11294435	60489402
63	WS05	3060	127641	438684	22643022	59440842
63	BB10	2837	121148	422835	21302054	56741446
63	CA14	2771	113551	401492	20226847	57132016
63	VG21	2930	120759	423527	21690380	58751350
63	CE29	3025	124616	438492	22570204	61000292
63	FC11	909	39870	131298	6600584	61002210
63	MM27	2833	114581	405842	20768459	58620238
63	NF30	2936	122983	431025	21983825	57931240
63	MI21	1455	64662	211039	10721978	61317082
63	FU14	2704	114307	398394	20373058	58384916
63	BB13	2835	118323	415316	21068323	56206212
63	WB20	1164	53264	177433	8743706	60224780
64	SH2514	3015	124370	434137	22437359	59843096
64	NF24	2993	125599	437856	22503969	59188072
64	WB13	1306	59147	195133	9706657	60868390
64	CW2212	1784	80732	264591	13156084	58754796
64	SH2515	3060	124670	435862	22470988	59690056
64	VR14	1667	77109	249686	12431372	59142302
64	DN26	1416	63532	205715	10244263	59436648
64	BU1031	1923	82997	271336	13558064	57352140
64	VT27	3019	126113	436322	22547235	60222502
64	CW2214	2065	90290	299015	15136869	60756004
64	BU04	1987	86465	283670	14056204	58746510
64	GC30	2738	114092	399277	20367295	57360012
64	DL2524	2840	124663	427281	21914214	57544434
64	VT29	2743	119171	413989	21133310	56556156
64	DL23523	3062	127512	440782	22717467	59534052
64	PZ29	1540	68494	222154	11063723	60787666
64	LI04	856	37407	127084	6365820	60071416
64	WE2430	1563	68321	226143	11315354	60883434
64	WS04	3005	128002	442168	22778626	59968404
64	WE2431	1553	68448	224939	11267193	60435508
64	WS05	3032	127502	437165	22625894	59389058
64	BB10	2827	120965	421371	21279915	56688978
64	CA14	2746	113357	399915	20206937	57081796
64	VG21	2917	120560	422213	21674550	58697762
64	CE29	3003	124432	436894	22547896	60944992
64	FC11	901	39768	130737	6590408	60948722
64	MM27	2824	114437	404245	20750213	58570158
64	NF30	2922	122793	429866	21963115	57880568
64	MI21	1450	64592	210024	10707508	61262384
64	FU14	2682	114004	397013	20355327	58334454
64	BB13	2821	118130	414008	21047601	56160972
64	WB20	1154	53126	176732	8727976	60170596
65	SH2514	3003	123932	433895	22462096	59887212
65	NF24	2991	125331	437536	22533482	59229014
65	WB13	1309	58847	194797	9716743	60910592
65	CW2212	1783	80621	265321	13193814	58795072
65	SH2515	3050	124231	435607	22494829	59735696
65	VR14	1664	76890	250195	12461273	59183782
65	DN26	1420	63139	205165	10245534	59481480
65	BU1031	1921	82869	271687	13583209	57389538
65	VT27	3013	125727	435812	22562892	60269376
65	CW2214	2067	90101	299391	15162301	60799792
65	BU04	1978	86220	283740	14074601	58786502
65	GC30	2742	113823	399277	20394885	57402200
65	DL2524	2842	124572	427451	21955244	57587672
65	VT29	2736	118823	413420	21151221	56605412
65	DL23523	3059	127251	440929	22757892	59575614
65	PZ29	1552	68378	222543	11086796	60831120
65	LI04	864	37330	126900	6368615	60113268
65	WE2430	1568	68326	226320	11332981	60926496
65	WS04	3011	127878	442473	22823443	60015468
65	WE2431	1556	68296	225142	11280905	60478318
65	WS05	3032	127342	437637	22667935	59434722
65	BB10	2823	120781	421373	21318612	56731422
65	CA14	2744	113107	399944	20241667	57125348
65	VG21	2919	120419	422084	21709371	58745384
65	CE29	3004	124156	436783	22582091	60988414
65	FC11	914	39716	130872	6599488	60990956
65	MM27	2802	114096	404278	20771872	58613996
65	NF30	2924	122622	429546	21999100	57916954
65	MI21	1451	64358	210174	10718238	61305818
65	FU14	2675	113819	397123	20389754	58378930
65	BB13	2827	117816	413853	21076837	56197008
65	WB20	1157	53063	176824	8747139	60215554
66	SH2514	3018	124833	436335	22583067	60200862
66	NF24	2987	125976	439816	22640181	59540852
66	WB13	1313	59189	195886	9764798	61234194
66	CW2212	1783	80978	266373	13252410	59110238
66	SH2515	3059	125067	437848	22611995	60048946
66	VR14	1670	77407	251516	12524667	59501066
66	DN26	1413	63594	206493	10305015	59797056
66	BU1031	1920	83261	273048	13643728	57698864
66	VT27	3006	126515	438355	22681664	60583118
66	CW2214	2061	90518	300433	15221844	61121538
66	BU04	1981	86687	284996	14138629	59101128
66	GC30	2744	114546	401482	20497290	57707098
66	DL2524	2845	125012	429381	22054630	57888828
66	VT29	2732	119546	415912	21264252	56898164
66	DL23523	3070	127976	442989	22862859	59887950
66	PZ29	1547	68762	223661	11141280	61152552
66	LI04	860	37512	127448	6396618	60431914
66	WE2430	1556	68459	227166	11375041	61248282
66	WS04	3016	128484	444466	22925198	60327988
66	WE2431	1559	68667	226302	11337955	60800238
66	WS05	3037	127889	439530	22771132	59742934
66	BB10	2812	121448	423519	21415319	57031950
66	CA14	2750	113760	401996	20333518	57424664
66	VG21	2910	121051	424347	21809804	59050546
66	CE29	3006	124918	439254	22693441	61309838
66	FC11	897	39826	131266	6626273	61313900
66	MM27	2825	114858	406232	20880532	58920676
66	NF30	2921	123223	431826	22100023	58221448
66	MI21	1447	64712	211108	10768469	61629520
66	FU14	2691	114545	399082	20486141	58682700
66	BB13	2825	118496	415786	21176766	56493418
66	WB20	1155	53180	177293	8779092	60533882
67	SH2514	3034	124326	434904	22477765	59923162
67	NF24	3009	125469	438292	22538311	59267146
67	WB13	1310	58734	194600	9698706	60951718
67	CW2212	1787	80660	265324	13177348	58841676
67	SH2515	3080	124554	436368	22508714	59773380
67	VR14	1671	76987	250071	12449183	59230136
67	DN26	1422	63285	205580	10249656	59522956
67	BU1031	1922	82846	271781	13569712	57433468
67	VT27	3043	125943	436968	22579866	60308480
67	CW2214	2073	89993	299087	15134100	60840182
67	BU04	1987	86312	283840	14063238	58833654
67	GC30	2757	113995	400009	20402867	57442958
67	DL2524	2869	124653	428197	21957181	57626514
67	VT29	2756	119024	414549	21169871	56639558
67	DL23523	3083	127496	441468	22759617	59615860
67	PZ29	1551	68341	222703	11078730	60872908
67	LI04	864	37204	126873	6364542	60156002
67	WE2430	1564	68013	225880	11300891	60966670
67	WS04	3031	128016	443048	22830274	60060212
67	WE2431	1557	68341	225739	11300375	60523656
67	WS05	3054	127600	438315	22675558	59470514
67	BB10	2840	120898	421868	21318420	56774028
67	CA14	2767	113408	400659	20241695	57167582
67	VG21	2945	120506	422724	21708104	58779990
67	CE29	3026	124495	437477	22587806	61027490
67	FC11	910	39586	130749	6592954	61032540
67	MM27	2838	114374	404844	20785506	58652746
67	NF30	2941	122773	430184	22002262	57957476
67	MI21	1453	64366	210089	10702368	61345320
67	FU14	2709	114044	397551	20390883	58416572
67	BB13	2845	118122	414495	21090181	56238006
67	WB20	1158	52842	176522	8735023	60257840
68	SH2514	3039	124227	433757	22428988	59824210
68	NF24	3012	125394	437370	22487282	59170170
68	WB13	1317	59047	195280	9709307	60845822
68	CW2212	1795	80751	265287	13176273	58729782
68	SH2515	3081	124519	435413	22460290	59668536
68	VR14	1678	77139	250441	12453769	59121222
68	DN26	1426	63359	205518	10230980	59413990
68	BU1031	1933	83042	271996	13564951	57324210
68	VT27	3038	125930	436143	22532291	60198736
68	CW2214	2079	90335	299552	15138631	60735658
68	BU04	1993	86444	283814	14057779	58728042
68	GC30	2755	113919	399487	20358679	57342862
68	DL2524	2862	124551	427363	21909102	57528442
68	VT29	2753	118995	413720	21121531	56540282
68	DL23523	3081	127443	440741	22715461	59511234
68	PZ29	1557	68566	222785	11076469	60765388
68	LI04	866	37318	127000	6360111	60048290
68	WE2430	1572	68263	226438	11308224	60860500
68	WS04	3026	127947	442311	22777075	59948760
68	WE2431	1564	68533	225720	11278668	60413768
68	WS05	3056	127403	437479	22623614	59366438
68	BB10	2847	120908	421359	21274828	56677548
68	CA14	2764	113211	399874	20198491	57067560
68	VG21	2942	120534	422182	21664329	58679982
68	CE29	3031	124375	436859	22540524	60923862
68	FC11	916	39713	131022	6591817	60925864
68	MM27	2836	114337	404180	20739956	58551136
68	NF30	2947	122627	429602	21954442	57858960
68	MI21	1457	64513	210422	10709322	61239594
68	FU14	2706	113935	396868	20347574	58315322
68	BB13	2842	118109	413680	21035895	56146640
68	WB20	1164	53027	176711	8730469	60149770
69	SH2514	3037	124454	435944	22430282	59824936
69	NF24	3006	125731	439326	22490768	59172978
69	WB13	1319	59200	196147	9720374	60851164
69	CW2212	1786	80988	266315	13169443	58734690
69	SH2515	3081	124777	437404	22459274	59673386
69	VR14	1669	77255	251174	12432949	59126732
69	DN26	1416	63465	206181	10213944	59418866
69	BU1031	1925	83149	272892	13555305	57329414
69	VT27	3035	126197	437762	22523674	60203580
69	CW2214	2070	90438	300346	15130372	60740488
69	BU04	1985	86527	284796	14045849	58733198
69	GC30	2757	114185	401027	20357193	57342776
69	DL2524	2864	124825	428923	21904615	57533072
69	VT29	2748	119256	415490	21122256	56541410
69	DL23523	3083	127673	442534	22714724	59516854
69	PZ29	1552	68716	223480	11070697	60769324
69	LI04	866	37499	127646	6366997	60054152
69	WE2430	1563	68369	227117	11312722	60866478
69	WS04	3032	128255	444185	22776276	59950134
69	WE2431	1554	68445	226008	11252121	60420488
69	WS05	3057	127743	439297	22623138	59366678
69	BB10	2849	121054	423069	21271678	56679444
69	CA14	2772	113586	401638	20197532	57067298
69	VG21	2946	120690	423936	21661906	58681272
69	CE29	3029	124577	438800	22540624	60927740
69	FC11	915	39878	131620	6597440	60931874
69	MM27	2835	114551	405891	20740642	58552284
69	NF30	2939	122923	431474	21955867	57864862
69	MI21	1461	64756	211197	10705588	61244574
69	FU14	2707	114167	398680	20346138	58315156
69	BB13	2851	118139	415653	21034365	56151156
69	WB20	1170	53302	177536	8736706	60154798
70	SH2514	3044	124640	435826	22469268	59941598
70	NF24	3017	125768	439358	22532356	59287768
70	WB13	1321	59308	196109	9733231	60973240
70	CW2212	1795	80908	266363	13185104	58852808
70	SH2515	3085	124837	437484	22499488	59790324
70	VR14	1682	77241	251145	12456420	59243240
70	DN26	1427	63387	206070	10231604	59535490
70	BU1031	1934	83135	272779	13576294	57445878
70	VT27	3045	126359	438023	22576408	60321570
70	CW2214	2080	90368	300251	15146694	60859932
70	BU04	1997	86570	284990	14070640	58848096
70	GC30	2770	114281	400968	20393738	57457470
70	DL2524	2867	124940	429112	21954479	57646344
70	VT29	2754	119283	415401	21159447	56652886
70	DL23523	3089	127752	442540	22755389	59635788
70	PZ29	1557	68800	223688	11089761	60889564
70	LI04	864	37532	127614	6374716	60172778
70	WE2430	1574	68237	226724	11297798	60986762
70	WS04	3042	128317	444193	22819076	60068828
70	WE2431	1565	68425	225999	11273551	60537810
70	WS05	3068	127832	439365	22664937	59485348
70	BB10	2851	121163	423038	21311557	56791196
70	CA14	2774	113556	401556	20232987	57178600
70	VG21	2947	120821	423857	21703391	58796254
70	CE29	3036	124729	438651	22581119	61047410
70	FC11	915	39902	131629	6607936	61051148
70	MM27	2845	114649	406078	20779246	58667544
70	NF30	2950	122971	431490	21995496	57976500
70	MI21	1463	64742	211180	10723887	61364530
70	FU14	2714	114303	398509	20382586	58430736
70	BB13	2854	118301	415440	21078315	56255682
70	WB20	1168	53291	177639	8747136	60273172
71	SH2514	3014	124603	435444	22438482	59846634
71	NF24	2991	125743	438933	22501233	59192948
71	WB13	1316	59152	195802	9714154	60872760
71	CW2212	1778	80759	265658	13164972	58758370
71	SH2515	3067	124875	437067	22473678	59695582
71	VR14	1668	77122	250730	12428750	59148010
71	DN26	1416	63458	206084	10223215	59442718
71	BU1031	1918	82983	272260	13548051	57352420
71	VT27	3024	126273	437580	22549354	60225864
71	CW2214	2065	90340	300054	15130105	60761976
71	BU04	1977	86389	284338	14039726	58749528
71	GC30	2747	114337	400626	20371340	57367876
71	DL2524	2852	124899	428602	21921918	57552316
71	VT29	2737	119309	415013	21133042	56566246
71	DL23523	3061	127728	442035	22723141	59535642
71	PZ29	1547	68494	223017	11068312	60790604
71	LI04	862	37346	127312	6360526	60075576
71	WE2430	1564	68230	226501	11270542	60887560
71	WS04	3013	128274	443583	22787509	59971470
71	WE2431	1551	68417	225764	11242239	60440076
71	WS05	3034	127762	438849	22635836	59391270
71	BB10	2832	121112	422681	21285322	56696526
71	CA14	2756	113582	401077	20211562	57089756
71	VG21	2924	120828	423599	21678611	58704644
71	CE29	3024	124692	438302	22557150	60948694
71	FC11	914	39763	131332	6591910	60951960
71	MM27	2826	114626	405487	20755255	58574476
71	NF30	2938	122979	430903	21967390	57880996
71	MI21	1451	64541	210527	10688238	61265202
71	FU14	2693	114242	398188	20360163	58338342
71	BB13	2825	118253	415102	21048711	56161548
71	WB20	1165	53228	177332	8733347	60175908
72	SH2514	3040	124847	436328	22551306	60147188
72	NF24	3002	126052	439849	22612877	59491430
72	WB13	1313	59150	195914	9750130	61176860
72	CW2212	1786	80971	266485	13230549	59053814
72	SH2515	3069	125116	438025	22582860	59995754
72	VR14	1675	77335	251399	12502259	59446052
72	DN26	1417	63641	206840	10300224	59741710
72	BU1031	1919	83289	273085	13620600	57646700
72	VT27	3029	126381	438220	22654103	60530824
72	CW2214	2070	90485	300643	15203002	61064788
72	BU04	1981	86651	285146	14115488	59047466
72	GC30	2758	114503	401386	20471128	57656798
72	DL2524	2859	125113	429366	22026911	57839742
72	VT29	2748	119405	415752	21237572	56850152
72	DL23523	3078	127932	442898	22835979	59836134
72	PZ29	1555	68681	223571	11121532	61096158
72	LI04	867	37456	127524	6391378	60375322
72	WE2430	1558	68316	227033	11343045	61191518
72	WS04	3026	128560	444567	22900890	60278792
72	WE2431	1549	68507	226275	11309572	60743688
72	WS05	3051	128067	439629	22747099	59690662
72	BB10	2831	121418	423368	21388459	56981552
72	CA14	2761	113797	402014	20310968	57377644
72	VG21	2941	121043	424031	21781486	58998500
72	CE29	3020	124904	439092	22664451	61254214
72	FC11	897	39870	131387	6615422	61256290
72	MM27	2829	114818	406294	20856353	58870408
72	NF30	2936	123303	431846	22072494	58170276
72	MI21	1444	64580	210882	10741008	61572252
72	FU14	2707	114483	399006	20460564	58634400
72	BB13	2837	118542	415697	21154367	56446510
72	WB20	1169	53167	177433	8771675	60479930
73	SH2514	3036	124555	434955	22437833	59851508
73	NF24	2996	125697	438360	22500544	59199174
73	WB13	1317	59099	195397	9704629	60878642
73	CW2212	1791	80708	265247	13157894	58766202
73	SH2515	3080	124800	436602	22468559	59701688
73	VR14	1675	77096	250232	12426267	59156794
73	DN26	1422	63286	205440	10225222	59449608
73	BU1031	1934	83061	272066	13539609	57362278
73	VT27	3028	126369	437050	22546671	60232598
73	CW2214	2080	90214	299445	15109529	60767152
73	BU04	1991	86455	284125	14031090	58761510
73	GC30	2757	114301	400278	20370825	57371596
73	DL2524	2863	124926	428232	21923755	57558084
73	VT29	2747	119231	414612	21133249	56573698
73	DL23523	3082	127746	441744	22725542	59541686
73	PZ29	1555	68455	222489	11048201	60797988
73	LI04	865	37301	127093	6345749	60082468
73	WE2430	1569	68094	225854	11269735	60891854
73	WS04	3019	128348	443377	22789791	59978306
73	WE2431	1562	68334	225187	11238144	60447584
73	WS05	3050	127848	438383	22636686	59395104
73	BB10	2845	121178	422108	21289673	56704788
73	CA14	2758	113533	400713	20208927	57095038
73	VG21	2941	120800	422887	21676410	58709384
73	CE29	3031	124701	437824	22551528	60953080
73	FC11	915	39679	131038	6574360	60958088
73	MM27	2835	114601	405146	20753000	58579186
73	NF30	2929	122973	430490	21966033	57887506
73	MI21	1454	64474	210071	10679192	61271870
73	FU14	2704	114301	397948	20361297	58343886
73	BB13	2856	118338	414690	21053572	56170718
73	WB20	1168	53060	176607	8710332	60184264
74	SH2514	3031	124712	435043	22435910	59818110
74	NF24	3004	125886	438558	22490501	59165784
74	WB13	1315	59175	195879	9708874	60844580
74	CW2212	1789	80895	265959	13162562	58736982
74	SH2515	3081	125018	436910	22467420	59665164
74	VR14	1676	77273	250980	12430300	59126610
74	DN26	1419	63500	206093	10218768	59420334
74	BU1031	1928	83201	272514	13544310	57331720
74	VT27	3031	126471	437145	22533824	60196314
74	CW2214	2069	90385	299697	15105341	60732746
74	BU04	1989	86589	284435	14038568	58730054
74	GC30	2756	114469	400373	20364669	57339630
74	DL2524	2866	125081	428362	21912812	57525316
74	VT29	2757	119440	414601	21122619	56540434
74	DL23523	3070	127879	441768	22715587	59509644
74	PZ29	1554	68682	223246	11062516	60765554
74	LI04	862	37431	127523	6358504	60048400
74	WE2430	1566	68320	226634	11286903	60862094
74	WS04	3023	128475	443472	22778341	59945834
74	WE2431	1556	68541	225704	11249211	60415860
74	WS05	3062	127949	438660	22634089	59362322
74	BB10	2850	121363	422386	21280232	56673950
74	CA14	2769	113624	400952	20201046	57062350
74	VG21	2943	120908	422947	21664256	58675156
74	CE29	3021	124814	437820	22541493	60919746
74	FC11	912	39778	131480	6585920	60924794
74	MM27	2832	114718	405190	20744064	58547776
74	NF30	2939	123104	430763	21956900	57855388
74	MI21	1460	64582	210706	10685201	61237494
74	FU14	2698	114314	397899	20351440	58309084
74	BB13	2851	118466	415010	21056763	56137854
74	WB20	1168	53232	177159	8722664	60150008
75	SH2514	3038	124465	435320	22416598	59782352
75	NF24	3005	125597	438829	22472898	59130044
75	WB13	1321	59187	195874	9711745	60809466
75	CW2212	1798	80928	265849	13148804	58696220
75	SH2515	3084	124695	436983	22446724	59629350
75	VR14	1681	77189	250836	12416800	59085290
75	DN26	1423	63465	206084	10216500	59377410
75	BU1031	1935	83089	272308	13533470	57292138
75	VT27	3035	126172	437649	22519004	60160530
75	CW2214	2078	90403	299892	15121158	60697760
75	BU04	1997	86508	284420	14025810	58692930
75	GC30	2762	114234	400552	20341619	57303770
75	DL2524	2868	124763	428722	21889756	57489796
75	VT29	2754	119145	415038	21100537	56504272
75	DL23523	3084	127588	442058	22696471	59475610
75	PZ29	1555	68708	223298	11052955	60728606
75	LI04	861	37370	127262	6353100	60012584
75	WE2430	1573	68274	226662	11286794	60825534
75	WS04	3033	128130	443764	22761406	59908494
75	WE2431	1559	68521	225683	11249541	60377518
75	WS05	3058	127576	438899	22604758	59328864
75	BB10	2844	121017	422579	21256059	56641990
75	CA14	2774	113428	400988	20183992	57026644
75	VG21	2937	120651	423278	21645829	58641260
75	CE29	3027	124533	438101	22522508	60885176
75	FC11	911	39805	131227	6584997	60888506
75	MM27	2836	114504	405259	20725295	58513612
75	NF30	2937	122813	430911	21936815	57822956
75	MI21	1458	64641	210608	10680606	61202426
75	FU14	2708	114139	398136	20331427	58276222
75	BB13	2843	118121	415157	21026206	56103324
75	WB20	1171	53096	177109	8727637	60113962
76	SH2514	3012	124056	433855	22387249	59723608
76	NF24	2978	125217	437197	22444696	59073860
76	WB13	1309	59027	195465	9698471	60749902
76	CW2212	1769	80526	265028	13134676	58638616
76	SH2515	3063	124334	435524	22419093	59571768
76	VR14	1663	77120	250393	12433110	59024586
76	DN26	1411	63475	205698	10223237	59318224
76	BU1031	1902	82880	271658	13532592	57236874
76	VT27	3003	125766	435945	22487881	60104358
76	CW2214	2054	90119	299309	15113895	60638528
76	BU04	1968	86237	283638	14025027	58632474
76	GC30	2734	113835	399137	20319975	57247490
76	DL2524	2839	124345	427079	21867343	57431662
76	VT29	2732	118823	413527	21078609	56445426
76	DL23523	3061	127230	440558	22670077	59422056
76	PZ29	1547	68538	223017	11066126	60667824
76	LI04	865	37392	127247	6357621	59953234
76	WE2430	1559	68233	226444	11292378	60763920
76	WS04	3005	127743	442037	22733561	59852598
76	WE2431	1552	68336	225349	11252350	60317772
76	WS05	3041	127249	437052	22577353	59273682
76	BB10	2829	120656	421179	21231747	56578740
76	CA14	2737	113107	399880	20160034	56970430
76	VG21	2915	120301	421865	21620178	58584642
76	CE29	3007	124106	436696	22501491	60826242
76	FC11	903	39759	131125	6583080	60829992
76	MM27	2801	114136	404147	20701120	58452744
76	NF30	2921	122503	429417	21909213	57766398
76	MI21	1441	64452	210401	10686829	61142514
76	FU14	2676	113761	396490	20308720	58216660
76	BB13	2826	117856	413466	20999466	56046434
76	WB20	1157	53055	176891	8724545	60053390
77	SH2514	3023	124516	433450	22388394	59723516
77	NF24	2993	125671	437261	22452124	59069800
77	WB13	1312	59044	194373	9692775	60743598
77	CW2212	1783	80766	264288	13128752	58638972
77	SH2515	3065	124794	434946	22418461	59572062
77	VR14	1668	77242	249545	12427599	59024320
77	DN26	1426	63657	205709	10230139	59318694
77	BU1031	1924	83053	270739	13527233	57233960
77	VT27	3019	126157	435698	22492063	60104686
77	CW2214	2065	90270	298240	15107208	60634700
77	BU04	1986	86431	282523	14018261	58624474
77	GC30	2750	114213	398626	20320315	57248788
77	DL2524	2852	124770	426558	21870622	57432422
77	VT29	2737	119223	413339	21086057	56457642
77	DL23523	3067	127634	440181	22671273	59420092
77	PZ29	1557	68685	222577	11063508	60666154
77	LI04	867	37451	126789	6349312	59946278
77	WE2430	1560	68327	225091	11267708	60760506
77	WS04	3017	128174	441908	22737546	59851512
77	WE2431	1550	68381	224222	11234411	60315216
77	WS05	3043	127645	436702	22581081	59269120
77	BB10	2829	121011	420555	21230635	56574314
77	CA14	2758	113457	399374	20164554	56976308
77	VG21	2927	120702	421344	21622327	58585852
77	CE29	3016	124542	436120	22500986	60822668
77	FC11	906	39816	130834	6577788	60821248
77	MM27	2821	114493	403618	20705042	58456330
77	NF30	2926	122928	429321	21914314	57759462
77	MI21	1457	64589	210066	10676328	61135896
77	FU14	2703	114155	396248	20313644	58223044
77	BB13	2832	118223	413334	21005159	56048460
77	WB20	1164	53133	176112	8709306	60048030
78	SH2514	3037	124906	437072	22612505	60311804
78	NF24	3002	126061	440603	22673810	59651666
78	WB13	1315	59277	196537	9784382	61344642
78	CW2212	1797	81067	266996	13269392	59216028
78	SH2515	3075	125183	438850	22643983	60159378
78	VR14	1671	77388	251809	12536208	59608398
78	DN26	1424	63706	207164	10327475	59905874
78	BU1031	1926	83291	273540	13659404	57804608
78	VT27	3024	126586	439254	22717282	60695886
78	CW2214	2076	90560	301157	15240109	61231846
78	BU04	1984	86679	285567	14155258	59209806
78	GC30	2765	114567	402145	20525843	57813326
78	DL2524	2864	125210	430310	22088600	57998370
78	VT29	2744	119598	416622	21295105	57006362
78	DL23523	3072	128096	443837	22898958	59999814
78	PZ29	1553	68865	224219	11162131	61262738
78	LI04	863	37503	127874	6410030	60542510
78	WE2430	1565	68484	227697	11387728	61359640
78	WS04	3030	128659	445492	22962775	60440884
78	WE2431	1557	68685	226849	11353543	60909684
78	WS05	3048	128170	440522	22808449	59854666
78	BB10	2838	121472	424085	21445812	57136922
78	CA14	2758	113778	402663	20362745	57532484
78	VG21	2935	121073	425005	21839472	59158124
78	CE29	3024	124944	439833	22724633	61420976
78	FC11	911	39919	131859	6642225	61423894
78	MM27	2829	114881	407030	20910390	59030192
78	NF30	2934	123247	432663	22133157	58330286
78	MI21	1459	64796	211719	10783998	61740140
78	FU14	2698	114503	399662	20514646	58792738
78	BB13	2845	118603	416663	21211200	56600252
78	WB20	1168	53235	177745	8790724	60643786
79	SH2514	3010	124589	434475	22438581	59848122
79	NF24	2986	125719	437968	22501884	59192518
79	WB13	1296	59065	195060	9691501	60870004
79	CW2212	1761	80934	265596	13169906	58756398
79	SH2515	3054	124793	436223	22470903	59697018
79	VR14	1662	77224	250427	12436459	59146512
79	DN26	1397	63429	205494	10220146	59444732
79	BU1031	1908	83067	271819	13545293	57355320
79	VT27	3007	126293	436570	22543094	60229122
79	CW2214	2048	90413	299669	15130821	60759648
79	BU04	1968	86425	283729	14036461	58749998
79	GC30	2732	114338	399925	20370190	57370412
79	DL2524	2841	124936	427871	21920645	57551326
79	VT29	2727	119328	414498	21137429	56571856
79	DL23523	3057	127771	441287	22723909	59537330
79	PZ29	1537	68614	222363	11054108	60792090
79	LI04	843	37407	127217	6355607	60073548
79	WE2430	1536	68348	226220	11291539	60885918
79	WS04	3009	128320	442754	22788385	59976864
79	WE2431	1547	68503	225100	11248646	60439266
79	WS05	3029	127797	437842	22632109	59394444
79	BB10	2817	121149	421781	21287539	56697262
79	CA14	2736	113524	400478	20210066	57092648
79	VG21	2911	120746	422603	21672609	58704678
79	CE29	3005	124677	437431	22551062	60949192
79	FC11	893	39824	130817	6580451	60950330
79	MM27	2804	114640	405007	20753492	58578248
79	NF30	2911	122959	430091	21963758	57877846
79	MI21	1444	64524	209846	10676730	61263726
79	FU14	2676	114215	397328	20356835	58341428
79	BB13	2821	118376	414256	21049369	56168796
79	WB20	1142	53141	176757	8718372	60173788
80	SH2514	3044	124712	435760	22453670	59885834
80	NF24	3009	125844	439232	22515110	59230404
80	WB13	1315	59237	196084	9729040	60911460
80	CW2212	1792	80943	266416	13188554	58790866
80	SH2515	3088	124916	437511	22487674	59731516
80	VR14	1675	77349	251334	12458627	59184356
80	DN26	1424	63605	206805	10269434	59476256
80	BU1031	1922	83219	272893	13572657	57388148
80	VT27	3043	126297	437748	22552721	60262398
80	CW2214	2077	90454	300331	15143379	60797832
80	BU04	1994	86597	284984	14065563	58789358
80	GC30	2767	114374	400938	20382138	57401464
80	DL2524	2870	124932	429074	21930641	57586450
80	VT29	2753	119354	415351	21143837	56597070
80	DL23523	3088	127749	442353	22736307	59574554
80	PZ29	1549	68709	223496	11084120	60827556
80	LI04	864	37493	127606	6370929	60110418
80	WE2430	1563	68352	227153	11314237	60924408
80	WS04	3042	128370	444193	22803880	60012564
80	WE2431	1552	68568	226244	11272265	60476074
80	WS05	3056	127824	439269	22646136	59426244
80	BB10	2852	121203	423057	21297885	56739000
80	CA14	2775	113627	401510	20221795	57124760
80	VG21	2949	120940	423847	21686478	58740794
80	CE29	3036	124784	438709	22567055	60987032
80	FC11	916	39896	131648	6604205	60989316
80	MM27	2836	114683	405916	20765000	58611424
80	NF30	2943	123056	431278	21977580	57921796
80	MI21	1437	64730	211066	10714072	61303160
80	FU14	2705	114301	398659	20370123	58374982
80	BB13	2851	118401	415480	21060952	56198864
80	WB20	1168	53220	177472	8743042	60211036
81	SH2514	3039	124326	435428	22438748	59854876
81	NF24	3007	125443	438850	22497360	59199534
81	WB13	1319	59028	195565	9712426	60884554
81	CW2212	1799	80673	266047	13169222	58764940
81	SH2515	3075	124582	437102	22470675	59702068
81	VR14	1682	77034	250872	12441298	59159346
81	DN26	1428	63581	206622	10278721	59450038
81	BU1031	1929	82929	272554	13556765	57361294
81	VT27	3036	125993	437485	22540619	60232850
81	CW2214	2075	90143	299947	15124895	60771604
81	BU04	1999	86362	284660	14053902	58761892
81	GC30	2761	114110	400731	20363914	57371854
81	DL2524	2868	124643	428689	21917564	57558942
81	VT29	2756	119027	415064	21128570	56569236
81	DL23523	3080	127529	442213	22731450	59546892
81	PZ29	1560	68528	223422	11077194	60799726
81	LI04	867	37240	127332	6367013	60085190
81	WE2430	1574	68152	226846	11309699	60897354
81	WS04	3035	127946	443680	22778463	59982188
81	WE2431	1566	68246	225659	11255743	60450304
81	WS05	3053	127505	438726	22627686	59396434
81	BB10	2845	120898	422561	21284827	56710584
81	CA14	2767	113272	401206	20206578	57094962
81	VG21	2942	120553	423446	21669161	58712498
81	CE29	3031	124423	438208	22549872	60957470
81	FC11	917	39641	131325	6592973	60962010
81	MM27	2833	114407	405597	20747570	58582186
81	NF30	2937	122662	430854	21961159	57896606
81	MI21	1457	64467	210686	10703903	61275352
81	FU14	2704	114023	398153	20353278	58344034
81	BB13	2849	118161	415219	21046356	56179116
81	WB20	1171	52977	177208	8730202	60184978
82	SH2514	3031	124729	435303	22425206	59804658
82	NF24	3000	126000	438796	22490693	59155354
82	WB13	1323	59268	195326	9704376	60831804
82	CW2212	1794	80913	265545	13155965	58714694
82	SH2515	3068	125078	437095	22456809	59657170
82	VR14	1680	77364	251120	12435120	59106894
82	DN26	1424	63513	205827	10229483	59399898
82	BU1031	1932	83085	272129	13546296	57312086
82	VT27	3030	126445	437064	22525316	60184896
82	CW2214	2080	90397	299671	15111100	60720222
82	BU04	1987	86629	284511	14040211	58707474
82	GC30	2761	114476	400085	20352657	57326058
82	DL2524	2865	125128	428234	21908148	57511112
82	VT29	2744	119437	414568	21113866	56530860
82	DL23523	3072	127928	441999	22710091	59500672
82	PZ29	1550	68806	223449	11074788	60747818
82	LI04	868	37460	127274	6352541	60031230
82	WE2430	1572	68468	226968	11312949	60844482
82	WS04	3026	128512	443483	22774527	59932786
82	WE2431	1562	68633	225975	11263924	60396010
82	WS05	3050	127991	438474	22621239	59349234
82	BB10	2841	121369	422150	21267843	56664484
82	CA14	2761	113773	400856	20200796	57056276
82	VG21	2928	121006	423056	21658695	58663334
82	CE29	3020	124838	437773	22536294	60906156
82	FC11	913	39877	131303	6583336	60908498
82	MM27	2823	114829	405052	20736339	58534954
82	NF30	2947	123237	430799	21956820	57846328
82	MI21	1460	64749	210987	10698615	61220596
82	FU14	2710	114493	397709	20343960	58300140
82	BB13	2833	118478	414772	21033117	56135670
82	WB20	1171	53217	176856	8717365	60132354
83	SH2514	3039	124819	436354	22531781	60095016
83	NF24	3012	125983	439837	22593481	59437630
83	WB13	1317	59157	195789	9743002	61128164
83	CW2212	1791	80998	266443	13222397	59003710
83	SH2515	3083	125100	438042	22565313	59942090
83	VR14	1676	77347	251406	12493899	59396266
83	DN26	1424	63575	206298	10272943	59690854
83	BU1031	1932	83285	272968	13616823	57595968
83	VT27	3039	126524	438510	22633447	60475154
83	CW2214	2074	90529	300549	15192803	61014722
83	BU04	1993	86725	285126	14112197	58998926
83	GC30	2763	114500	401395	20452839	57602964
83	DL2524	2870	125069	429447	22007467	57789390
83	VT29	2759	119469	415980	21214937	56796364
83	DL23523	3089	127833	443242	22814457	59788878
83	PZ29	1554	68713	223475	11110078	61045744
83	LI04	866	37472	127591	6388197	60326900
83	WE2430	1572	68372	227030	11338076	61143194
83	WS04	3040	128538	444653	22880838	60222132
83	WE2431	1560	68539	226131	11302700	60694160
83	WS05	3062	128020	439760	22726032	59638004
83	BB10	2846	121475	423566	21372428	56936224
83	CA14	2769	113746	402070	20289967	57323884
83	VG21	2947	121004	424357	21763309	58948288
83	CE29	3032	124850	439008	22642093	61202774
83	FC11	917	39922	131553	6620439	61206854
83	MM27	2836	114818	406289	20835834	58818826
83	NF30	2948	123297	431928	22057666	58124778
83	MI21	1460	64676	210890	10739695	61522016
83	FU14	2710	114433	399049	20441761	58579998
83	BB13	2849	118504	416057	21136773	56402130
83	WB20	1167	53178	177254	8757148	60430346
84	SH2514	3004	123820	433011	22459943	59897298
84	NF24	2986	125060	436425	22523147	59243504
84	WB13	1303	58454	193703	9696951	60923710
84	CW2212	1780	80125	263929	13166726	58820896
84	SH2515	3049	124052	434912	22491692	59744892
84	VR14	1664	76684	249036	12447204	59207926
84	DN26	1404	62914	204413	10241542	59502470
84	BU1031	1913	82437	270458	13556910	57416428
84	VT27	3018	125509	435109	22568203	60280046
84	CW2214	2044	89526	297395	15110831	60811196
84	BU04	1973	85701	282171	14048695	58810104
84	GC30	2738	113607	398108	20384104	57417406
84	DL2524	2835	124110	426487	21942699	57601844
84	VT29	2737	118609	412699	21158238	56617362
84	DL23523	3049	126978	439858	22749437	59586904
84	PZ29	1539	68104	221643	11070601	60846194
84	LI04	856	37104	126153	6359326	60131158
84	WE2430	1555	67627	224558	11287857	60941864
84	WS04	3003	127527	441125	22810560	60024372
84	WE2431	1542	67752	223854	11260348	60494558
84	WS05	3027	126986	436349	22656924	59440600
84	BB10	2836	120490	420211	21308505	56748664
84	CA14	2742	112815	398800	20225960	57137956
84	VG21	2922	120048	420894	21691783	58752534
84	CE29	2997	123826	435831	22571915	60998966
84	FC11	907	39488	130275	6591190	61002922
84	MM27	2805	113858	403079	20768407	58624676
84	NF30	2913	122288	428434	21985277	57928500
84	MI21	1439	63975	208620	10692306	61317808
84	FU14	2687	113484	395955	20375990	58391718
84	BB13	2827	117574	412948	21069683	56209398
84	WB20	1157	52747	175861	8730283	60237298
85	SH2514	3027	123170	433537	22356242	59608598
85	NF24	2996	124112	436997	22414722	58957768
85	WB13	1314	58228	194778	9663781	60633166
85	CW2212	1777	79305	264491	13105323	58527582
85	SH2515	3074	123206	434922	22381670	59456470
85	VR14	1674	75998	249919	12395544	58914978
85	DN26	1419	62480	205300	10208424	59203910
85	BU1031	1918	81562	271117	13500604	57126868
85	VT27	3000	124611	435589	22454439	59991358
85	CW2214	2059	88784	298724	15065120	60525056
85	BU04	1982	85118	283077	13993935	58520340
85	GC30	2747	112919	398747	20289769	57136802
85	DL2524	2844	123226	426716	21831675	57323536
85	VT29	2730	117728	413205	21050651	56335126
85	DL23523	3082	126060	440169	22636137	59305444
85	PZ29	1554	67497	222444	11033413	60551222
85	LI04	865	37078	126921	6337159	59839366
85	WE2430	1565	67403	226039	11257646	60648276
85	WS04	3021	126762	441861	22697088	59738702
85	WE2431	1557	68001	225218	11236611	60206298
85	WS05	3036	126067	436820	22542939	59153696
85	BB10	2829	119635	420501	21195279	56473710
85	CA14	2749	111996	399419	20130078	56861386
85	VG21	2930	119297	421416	21582459	58471292
85	CE29	3019	123183	436249	22459843	60708844
85	FC11	916	39509	130833	6568121	60712544
85	MM27	2818	113137	403749	20674515	58343476
85	NF30	2931	121372	429131	21881096	57655336
85	MI21	1460	63933	210002	10670759	61025090
85	FU14	2694	112640	396341	20280509	58108370
85	BB13	2841	116899	413327	20966562	55936908
85	WB20	1170	52802	176711	8706815	59940878
86	SH2514	3033	124694	435603	22404561	59759228
86	NF24	3005	125875	439282	22468038	59106320
86	WB13	1305	59078	195628	9678843	60785356
86	CW2212	1776	80965	266266	13155928	58676830
86	SH2515	3076	124909	437394	22430682	59608148
86	VR14	1655	77338	251051	12412532	59065290
86	DN26	1417	63655	206356	10227415	59349564
86	BU1031	1914	83121	272559	13529130	57269298
86	VT27	3034	126435	437954	22508902	60140316
86	CW2214	2060	90469	300077	15096947	60676120
86	BU04	1985	86569	284616	14021113	58667402
86	GC30	2769	114478	400771	20335635	57282740
86	DL2524	2869	124921	428611	21871816	57472302
86	VT29	2756	119417	415320	21100107	56482762
86	DL23523	3079	127783	442263	22683443	59452514
86	PZ29	1543	68834	223488	11057092	60704150
86	LI04	865	37479	127478	6351103	59988878
86	WE2430	1563	68316	226660	11261334	60799378
86	WS04	3030	128329	443786	22739648	59885596
86	WE2431	1555	68645	226262	11259591	60352824
86	WS05	3058	127812	439038	22591836	59302554
86	BB10	2848	121177	422625	21241234	56619110
86	CA14	2768	113645	401429	20173543	57004502
86	VG21	2938	120895	423588	21639480	58617274
86	CE29	3020	124711	438408	22515583	60862214
86	FC11	914	39889	131338	6580436	60864896
86	MM27	2826	114729	405859	20717810	58489818
86	NF30	2941	123059	431271	21929687	57799480
86	MI21	1454	64634	210967	10684352	61177786
86	FU14	2707	114392	398402	20322903	58254204
86	BB13	2851	118425	415368	21014100	56091188
86	WB20	1161	53209	177338	8713352	60091422
87	SH2514	3016	124258	434102	22433282	59796752
87	NF24	2992	125381	437478	22491901	59146734
87	WB13	1314	58820	194493	9676603	60820880
87	CW2212	1793	80638	264660	13143850	58714914
87	SH2515	3054	124483	435719	22464058	59648666
87	VR14	1678	76943	249603	12427184	59102982
87	DN26	1428	63221	204965	10210504	59392490
87	BU1031	1914	82669	270698	13519103	57308654
87	VT27	3023	125862	436020	22533212	60178636
87	CW2214	2064	90054	298623	15104636	60711872
87	BU04	1984	86127	282873	14012357	58705322
87	GC30	2741	113956	399259	20362756	57319840
87	DL2524	2852	124548	427415	21914396	57507216
87	VT29	2737	118909	413615	21124017	56520464
87	DL23523	3070	127328	440695	22715596	59488752
87	PZ29	1553	68331	221880	11045495	60740216
87	LI04	858	37209	126746	6355046	60025840
87	WE2430	1569	67935	225172	11261849	60838678
87	WS04	3012	127997	442495	22781115	59925146
87	WE2431	1557	68190	224759	11247178	60392020
87	WS05	3046	127604	437692	22629024	59348864
87	BB10	2828	120846	421471	21279936	56657262
87	CA14	2747	113253	399757	20204831	57044774
87	VG21	2924	120496	422002	21669643	58658230
87	CE29	3011	124332	436850	22544408	60899344
87	FC11	912	39610	130683	6580844	60902108
87	MM27	2816	114386	404279	20744701	58527606
87	NF30	2923	122674	429737	21959255	57836588
87	MI21	1454	64316	209387	10673584	61215692
87	FU14	2686	113902	396957	20353201	58292540
87	BB13	2832	117970	413627	21045787	56120274
87	WB20	1161	52846	175882	8700731	60128302
88	SH2514	3041	125317	437917	22602760	60294128
88	NF24	3014	126492	441481	22665317	59636484
88	WB13	1322	59449	196860	9775743	61328786
88	CW2212	1797	81332	267548	13264782	59199628
88	SH2515	3092	125581	439604	22636584	60141536
88	VR14	1682	77732	252485	12537161	59592326
88	DN26	1428	63850	207400	10312657	59887480
88	BU1031	1935	83593	274138	13655619	57787682
88	VT27	3044	127027	440162	22708187	60675776
88	CW2214	2082	90872	301774	15239916	61215720
88	BU04	1998	87020	286269	14153261	59194100
88	GC30	2768	114956	402935	20516455	57795226
88	DL2524	2873	125627	431197	22079452	57981604
88	VT29	2758	120020	417461	21286235	56986484
88	DL23523	3094	128488	444731	22887807	59984508
88	PZ29	1560	69079	224680	11155867	61247278
88	LI04	867	37653	128088	6406157	60525468
88	WE2430	1576	68725	228128	11381241	61343240
88	WS04	3037	129015	446272	22951544	60423244
88	WE2431	1566	68913	227255	11348537	60894034
88	WS05	3061	128524	441362	22798598	59836028
88	BB10	2851	121853	425096	21438516	57124932
88	CA14	2771	114200	403486	20354665	57515324
88	VG21	2945	121487	425835	21830562	59141566
88	CE29	3033	125396	440724	22715009	61404456
88	FC11	916	40058	132108	6637169	61408908
88	MM27	2844	115304	407880	20902293	59012878
88	NF30	2950	123705	433512	22125434	58316240
88	MI21	1463	64966	211965	10775005	61724656
88	FU14	2713	114941	400494	20504927	58774922
88	BB13	2853	119018	417451	21202885	56583548
88	WB20	1171	53469	178229	8796239	60628058
89	SH2514	3027	124055	433462	22474575	59952450
89	NF24	2996	125310	436820	22536374	59296830
89	WB13	1314	58902	195040	9729246	60978012
89	CW2212	1766	80625	264364	13182678	58862242
89	SH2515	3059	124264	434807	22507553	59799752
89	VR14	1658	77000	249794	12462743	59252608
89	DN26	1403	63204	204833	10250830	59547118
89	BU1031	1902	82852	271024	13575887	57454014
89	VT27	3020	125643	435071	22573431	60332916
89	CW2214	2054	90052	298799	15158598	60866944
89	BU04	1963	86216	282866	14069423	58853098
89	GC30	2749	113807	398569	20400125	57469706
89	DL2524	2849	124309	426443	21951590	57657424
89	VT29	2737	118712	412770	21162928	56664622
89	DL23523	3072	127214	440015	22759797	59640522
89	PZ29	1529	68397	222129	11086728	60896152
89	LI04	858	37313	126724	6370637	60178202
89	WE2430	1546	68123	225481	11323240	60990456
89	WS04	3017	127791	441697	22826871	60079428
89	WE2431	1535	68223	224157	11272609	60544348
89	WS05	3048	127280	436937	22672100	59495918
89	BB10	2829	120666	420478	21316211	56795538
89	CA14	2754	113093	399209	20240312	57190772
89	VG21	2923	120298	421340	21707311	58806626
89	CE29	3010	124168	436023	22587193	61053980
89	FC11	908	39684	130617	6600608	61056286
89	MM27	2818	114144	403628	20783511	58679008
89	NF30	2929	122560	428895	21999130	57981774
89	MI21	1434	64249	209327	10706483	61370656
89	FU14	2689	113818	396208	20389825	58444038
89	BB13	2835	117916	413052	21083343	56262824
89	WB20	1161	52869	176402	8740818	60282252
90	SH2514	3000	124165	431874	22405849	59770758
90	NF24	2965	125403	435871	22471404	59116718
90	WB13	1301	58888	194238	9701586	60795132
90	CW2212	1768	80525	263708	13155023	58681642
90	SH2515	3035	124414	433508	22441199	59620434
90	VR14	1650	77045	249194	12433982	59069060
90	DN26	1410	63427	204907	10246448	59362928
90	BU1031	1895	82756	270350	13540692	57282040
90	VT27	2996	125915	434467	22516073	60149514
90	CW2214	2051	90005	297668	15118581	60683406
90	BU04	1959	86186	282116	14032737	58673570
90	GC30	2724	113962	397936	20342869	57296888
90	DL2524	2836	124490	425474	21891458	57476434
90	VT29	2712	118924	411977	21103338	56489168
90	DL23523	3050	127289	438870	22694794	59461736
90	PZ29	1536	68474	221488	11056628	60713784
90	LI04	847	37293	126190	6352160	59996558
90	WE2430	1546	68182	225262	11296576	60808286
90	WS04	2998	127897	440872	22765813	59903924
90	WE2431	1537	68367	224441	11265401	60361640
90	WS05	3008	127366	435714	22602633	59320602
90	BB10	2808	120843	419433	21252507	56620552
90	CA14	2731	113201	398163	20182293	57018888
90	VG21	2904	120496	420405	21646327	58627064
90	CE29	2986	124303	434972	22521169	60871300
90	FC11	894	39603	130107	6581749	60872810
90	MM27	2795	114311	402650	20724342	58499968
90	NF30	2904	122610	427630	21932309	57805678
90	MI21	1441	64412	209120	10689702	61187210
90	FU14	2666	113956	395380	20330360	58265764
90	BB13	2810	118002	411972	21019404	56089264
90	WB20	1155	52908	175659	8715474	60099752
91	SH2514	2948	121306	429948	22394133	59710158
91	NF24	2922	122512	433247	22449504	59061240
91	WB13	1266	57483	192997	9684720	60739574
91	CW2212	1687	78687	262207	13135314	58628568
91	SH2515	2999	121612	431776	22426645	59558578
91	VR14	1568	75063	247084	12406228	59014654
91	DN26	1328	61433	203152	10212762	59308774
91	BU1031	1812	80807	268680	13516931	57231386
91	VT27	2957	123060	431807	22500954	60087842
91	CW2214	1991	87962	296347	15095082	60626254
91	BU04	1877	83983	280331	14002433	58621742
91	GC30	2688	111217	395427	20325499	57235224
91	DL2524	2781	121849	423428	21879827	57417708
91	VT29	2678	116320	409562	21090354	56433192
91	DL23523	2983	124473	436625	22683470	59402426
91	PZ29	1430	66257	219443	11021420	60655264
91	LI04	830	36221	125777	6337630	59942462
91	WE2430	1463	66207	223150	11257228	60750096
91	WS04	2931	125049	438179	22738791	59835156
91	WE2431	1503	66631	223290	11242048	60306372
91	WS05	2964	124545	433078	22590682	59255084
91	BB10	2760	118121	416935	21236075	56561276
91	CA14	2678	110699	396222	20164301	56956296
91	VG21	2843	117639	417776	21628130	58569148
91	CE29	2946	121544	432596	22507237	60810366
91	FC11	878	38437	129616	6566101	60815812
91	MM27	2758	111498	400292	20706693	58439910
91	NF30	2847	119846	425211	21914123	57750932
91	MI21	1371	62340	207167	10651468	61127594
91	FU14	2624	111162	392944	20311407	58201506
91	BB13	2770	115385	409846	21008548	56036446
91	WB20	1116	51380	174653	8700175	60049420
92	SH2514	2967	123167	430830	22472995	59925258
92	NF24	2933	124252	434335	22531505	59260536
92	WB13	1281	58204	193432	9709900	60946014
92	CW2212	1755	80002	263244	13175937	58840626
92	SH2515	3020	123354	432554	22504052	59770172
92	VR14	1645	76490	248736	12461458	59224614
92	DN26	1391	62691	204030	10248700	59523016
92	BU1031	1900	82250	270034	13570570	57439444
92	VT27	2974	124679	432793	22573964	60297078
92	CW2214	2017	88860	295474	15107927	60830790
92	BU04	1939	85576	281682	14063757	58830794
92	GC30	2710	112908	396175	20397538	57436786
92	DL2524	2814	123396	424200	21948563	57619374
92	VT29	2699	117771	410516	21160489	56638304
92	DL23523	3033	126220	437489	22755831	59606680
92	PZ29	1516	67796	221028	11078406	60863114
92	LI04	835	36889	125749	6356258	60149264
92	WE2430	1542	67558	224384	11313077	60958120
92	WS04	2973	126704	438986	22818095	60043526
92	WE2431	1523	67767	223926	11279755	60513878
92	WS05	2997	126303	434307	22666475	59461482
92	BB10	2772	119682	418088	21310134	56758170
92	CA14	2719	112228	396834	20235769	57156442
92	VG21	2882	119410	419038	21702295	58774482
92	CE29	2958	123008	433526	22581098	61018298
92	FC11	896	39301	129733	6587403	61022458
92	MM27	2776	113189	400908	20779159	58645018
92	NF30	2882	121542	426457	21993400	57947876
92	MI21	1419	63861	208264	10702573	61336514
92	FU14	2658	112789	394044	20383201	58409858
92	BB13	2793	116931	410990	21078763	56229084
92	WB20	1137	52316	174932	8725750	60252310
93	SH2514	3008	123759	430593	22389777	59720682
93	NF24	2980	124970	434174	22450919	59065676
93	WB13	1312	58729	193416	9688705	60753454
93	CW2212	1784	80371	262827	13133627	58647362
93	SH2515	3054	124035	432212	22425651	59566660
93	VR14	1669	76712	247993	12418994	59036824
93	DN26	1420	62992	203711	10206693	59331290
93	BU1031	1909	82568	269037	13513007	57251384
93	VT27	3006	125522	432876	22495582	60097672
93	CW2214	2060	89652	295357	15046240	60632784
93	BU04	1964	85921	281025	14003669	58640968
93	GC30	2729	113570	396186	20327800	57243314
93	DL2524	2835	124192	424268	21876886	57426022
93	VT29	2737	118621	410512	21086196	56449444
93	DL23523	3057	126995	437444	22679846	59409240
93	PZ29	1548	68224	220407	11037295	60669356
93	LI04	866	37173	125552	6337369	59956466
93	WE2430	1555	67913	223992	11264717	60763296
93	WS04	3006	127514	439259	22748081	59847408
93	WE2431	1545	68225	223454	11242633	60318178
93	WS05	3029	127036	434352	22591805	59262324
93	BB10	2818	120349	418096	21241067	56577202
93	CA14	2739	112808	396647	20166850	56968028
93	VG21	2909	119918	418639	21626354	58576706
93	CE29	3000	123901	433473	22504467	60819160
93	FC11	915	39582	129886	6570634	60826746
93	MM27	2803	113825	400948	20710562	58450212
93	NF30	2917	122179	426443	21914588	57759936
93	MI21	1449	64139	207711	10664315	61140186
93	FU14	2677	113562	393780	20313809	58215530
93	BB13	2819	117549	410690	21006267	56041120
93	WB20	1165	52651	174543	8687305	60058916
94	SH2514	2998	124227	433630	22436556	59850574
94	NF24	2987	125463	436645	22493407	59198046
94	WB13	1315	59135	195184	9718685	60880280
94	CW2212	1776	80789	265120	13174410	58768984
94	SH2515	3047	124475	435269	22468808	59697470
94	VR14	1661	77120	249929	12448809	59160586
94	DN26	1407	63447	205371	10248509	59451766
94	BU1031	1909	82957	271513	13561941	57368422
94	VT27	2995	125835	435236	22533068	60228806
94	CW2214	2043	89987	298101	15096961	60763366
94	BU04	1978	86410	283557	14054829	58762600
94	GC30	2730	113896	398778	20366858	57370708
94	DL2524	2843	124627	426713	21919168	57552340
94	VT29	2719	118880	412852	21124651	56568656
94	DL23523	3044	127332	439862	22719802	59538830
94	PZ29	1547	68488	222162	11068142	60799476
94	LI04	850	37271	126660	6360507	60084098
94	WE2430	1551	68112	225484	11289587	60894194
94	WS04	3003	128002	441789	22785357	59977146
94	WE2431	1533	68252	224899	11254400	60450230
94	WS05	3035	127456	436871	22632051	59393112
94	BB10	2810	120948	420904	21280749	56699846
94	CA14	2741	113177	399234	20208242	57092364
94	VG21	2908	120405	421410	21669999	58704724
94	CE29	2996	124341	436386	22550657	60950962
94	FC11	904	39695	130573	6589138	60957808
94	MM27	2809	114307	403851	20749928	58577186
94	NF30	2931	122706	428809	21956118	57885534
94	MI21	1444	64409	209420	10690249	61270626
94	FU14	2676	113952	396700	20356437	58342454
94	BB13	2822	118036	413200	21046247	56166036
94	WB20	1151	53031	176228	8721424	60182252
95	SH2514	2967	122968	430195	22386049	59716404
95	NF24	2943	123986	433396	22441113	59064548
95	WB13	1284	58629	193822	9703897	60741334
95	CW2212	1753	79991	263337	13144955	58626824
95	SH2515	3012	123287	431414	22413375	59567810
95	VR14	1638	76347	248419	12418910	59017006
95	DN26	1393	62644	203666	10202558	59312328
95	BU1031	1873	81975	269417	13530346	57231756
95	VT27	2963	124541	431725	22479634	60098246
95	CW2214	2028	89512	297380	15115617	60628068
95	BU04	1948	85268	281199	14020422	58623720
95	GC30	2689	112793	395863	20315176	57240702
95	DL2524	2793	123346	423429	21867191	57425436
95	VT29	2680	117636	409684	21074919	56437170
95	DL23523	3016	125991	436643	22665561	59407024
95	PZ29	1520	67812	220539	11040731	60659086
95	LI04	850	36986	125881	6347422	59944442
95	WE2430	1536	67255	223763	11262068	60754748
95	WS04	2963	126540	438307	22723251	59845752
95	WE2431	1531	67671	223179	11233875	60309230
95	WS05	2988	126087	433194	22571605	59260738
95	BB10	2768	119686	417709	21231379	56570302
95	CA14	2705	112009	396153	20156391	56962350
95	VG21	2881	119233	418327	21620109	58575238
95	CE29	2953	122956	433016	22492058	60817638
95	FC11	899	39247	129791	6577657	60819178
95	MM27	2763	113140	400582	20699306	58446070
95	NF30	2880	121313	425599	21908661	57751446
95	MI21	1428	63695	208567	10672980	61132788
95	FU14	2640	112772	393286	20304795	58212116
95	BB13	2776	116763	409879	20990314	56036418
95	WB20	1136	52432	174839	8700897	60042168
96	SH2514	3013	124146	432277	22441286	59842314
96	NF24	2987	125320	435799	22503860	59183484
96	WB13	1308	59050	194275	9712127	60868052
96	CW2212	1773	80337	263453	13149465	58755142
96	SH2515	3068	124399	434123	22472814	59691392
96	VR14	1660	76833	248762	12433109	59139474
96	DN26	1414	63052	204307	10218015	59441384
96	BU1031	1913	82703	270085	13548576	57353390
96	VT27	3018	125951	434604	22548990	60223230
96	CW2214	2057	89932	297675	15118614	60754140
96	BU04	1975	86111	282096	14039004	58743946
96	GC30	2745	113854	397698	20369676	57361566
96	DL2524	2854	124454	425698	21918302	57543186
96	VT29	2734	119052	412384	21139151	56563770
96	DL23523	3061	127232	439085	22721734	59529858
96	PZ29	1541	68325	221429	11064571	60783822
96	LI04	851	37192	126065	6352285	60066992
96	WE2430	1557	67990	225122	11290704	60878482
96	WS04	3011	127845	440585	22786168	59969464
96	WE2431	1549	68318	224578	11275245	60432622
96	WS05	3040	127328	435742	22636475	59384838
96	BB10	2822	120754	419598	21283434	56685480
96	CA14	2745	113157	398294	20209313	57082506
96	VG21	2927	120332	420357	21672444	58697264
96	CE29	3008	124124	434917	22550661	60941628
96	FC11	902	39577	129987	6583744	60944222
96	MM27	2808	114157	402632	20753280	58569386
96	NF30	2922	122516	427906	21963978	57871622
96	MI21	1436	64218	208889	10683929	61258318
96	FU14	2681	113860	395323	20358192	58334578
96	BB13	2828	117807	412048	21045527	56154070
96	WB20	1152	52913	175823	8717636	60167760
97	SH2514	2964	123547	428888	22331088	59562192
97	NF24	2943	124835	432722	22397288	58910126
97	WB13	1286	58492	192360	9636123	60581930
97	CW2212	1757	80270	262097	13107721	58475284
97	SH2515	2999	123855	430381	22363720	59416722
97	VR14	1640	76491	246999	12379872	58867322
97	DN26	1402	62943	202699	10186087	59162062
97	BU1031	1881	82326	267871	13474575	57085590
97	VT27	2972	125266	431246	22437616	59940094
97	CW2214	2039	89744	295615	15064027	60474912
97	BU04	1937	85766	279378	13959217	58473736
97	GC30	2691	113396	395201	20270216	57095132
97	DL2524	2804	123984	422651	21817288	57273960
97	VT29	2696	118312	409099	21032515	56296254
97	DL23523	3019	126786	435707	22621971	59255284
97	PZ29	1523	68133	219930	11019032	60503648
97	LI04	847	37158	125586	6323067	59790062
97	WE2430	1545	67591	222263	11234572	60595272
97	WS04	2962	127482	437941	22706148	59692446
97	WE2431	1528	67688	221720	11197984	60152636
97	WS05	2994	126868	432787	22533166	59110090
97	BB10	2783	120233	416361	21183532	56424544
97	CA14	2705	112703	395296	20111005	56813836
97	VG21	2869	119811	417128	21569566	58424776
97	CE29	2963	123624	431821	22444212	60660322
97	FC11	902	39468	129168	6546739	60661398
97	MM27	2773	113723	399723	20650722	58295828
97	NF30	2879	122064	424687	21863675	57600596
97	MI21	1427	64111	207698	10648490	60973790
97	FU14	2639	113255	392464	20259787	58064836
97	BB13	2790	117489	409043	20953503	55895288
97	WB20	1141	52672	174591	8677810	59891988
98	SH2514	3003	124192	433495	22401161	59765308
98	NF24	2990	125372	437084	22470670	59109948
98	WB13	1298	58927	194690	9690488	60786888
98	CW2212	1777	80699	264835	13154462	58672142
98	SH2515	3039	124440	435214	22435344	59612424
98	VR14	1659	77030	249952	12432663	59067184
98	DN26	1410	63457	205623	10251417	59358036
98	BU1031	1911	82834	271305	13534179	57274646
98	VT27	3019	125802	435522	22508492	60143032
98	CW2214	2062	90198	299064	15127809	60676108
98	BU04	1966	86237	283388	14028777	58666000
98	GC30	2741	113863	398853	20339069	57284950
98	DL2524	2854	124524	426819	21885059	57472428
98	VT29	2745	118825	413114	21099095	56486748
98	DL23523	3060	127292	440154	22688621	59453952
98	PZ29	1542	68379	222248	11046935	60705628
98	LI04	849	37323	126744	6355320	59989458
98	WE2430	1550	68161	226005	11299147	60801222
98	WS04	3010	127841	441897	22753232	59890548
98	WE2431	1533	68232	224921	11253065	60357160
98	WS05	3035	127341	436964	22602817	59306656
98	BB10	2827	120796	420529	21251318	56620090
98	CA14	2753	113158	399375	20178550	57007764
98	VG21	2918	120367	421611	21639271	58620336
98	CE29	3011	124256	436457	22518126	60863406
98	FC11	900	39711	130849	6585520	60866636
98	MM27	2811	114306	403862	20721084	58492016
98	NF30	2926	122582	428985	21933333	57796504
98	MI21	1427	64421	209822	10692335	61180754
98	FU14	2687	113851	396307	20324891	58256752
98	BB13	2828	117969	413392	21024376	56088812
98	WB20	1162	53028	176590	8720865	60091610
99	SH2514	3022	124694	435263	22443356	59863846
99	NF24	2998	125862	438728	22508335	59209624
99	WB13	1316	59078	195672	9695112	60887472
99	CW2212	1785	80869	265983	13174019	58773108
99	SH2515	3066	124996	436724	22477146	59711646
99	VR14	1673	77186	251033	12450142	59166260
99	DN26	1421	63624	206481	10254915	59459608
99	BU1031	1925	83068	272401	13552197	57375186
99	VT27	3028	126403	437153	22552535	60244334
99	CW2214	2072	90414	300121	15139190	60777572
99	BU04	1987	86501	284382	14046011	58769254
99	GC30	2756	114343	400263	20371210	57382084
99	DL2524	2854	125006	428465	21922461	57565896
99	VT29	2754	119464	414770	21140702	56582760
99	DL23523	3068	127834	441873	22729729	59554064
99	PZ29	1553	68653	223390	11079063	60808122
99	LI04	860	37439	127513	6359426	60092860
99	WE2430	1566	68348	226920	11313122	60903362
99	WS04	3020	128394	443464	22790956	59990858
99	WE2431	1561	68486	226005	11260946	60458752
99	WS05	3044	127948	438553	22638422	59407674
99	BB10	2831	121224	422288	21284790	56711216
99	CA14	2757	113627	400659	20212274	57105322
99	VG21	2929	120854	423132	21676654	58719934
99	CE29	3015	124756	437990	22557173	60966446
99	FC11	913	39834	131447	6590074	60968650
99	MM27	2823	114662	405145	20755910	58593084
99	NF30	2932	123090	430754	21970161	57897638
99	MI21	1452	64566	210746	10703035	61282966
99	FU14	2692	114331	397950	20362075	58356548
99	BB13	2847	118416	414677	21053708	56184016
99	WB20	1161	53121	177308	8725848	60193806
100	SH2514	3043	125277	438008	22620383	60342866
100	NF24	3015	126456	441472	22681401	59683778
100	WB13	1313	59390	196724	9780015	61379540
100	CW2212	1791	81342	267474	13273806	59249078
100	SH2515	3089	125536	439667	22652130	60189798
100	VR14	1671	77634	252468	12543793	59642044
100	DN26	1419	63860	207413	10325392	59936760
100	BU1031	1928	83538	274040	13665715	57835730
100	VT27	3043	127000	440096	22727110	60726100
100	CW2214	2074	90877	301658	15246266	61265890
100	BU04	1991	86965	286134	14162513	59243398
100	GC30	2768	114916	402838	20532407	57842566
100	DL2524	2879	125587	431146	22094728	58029626
100	VT29	2761	119979	417365	21303405	57034068
100	DL23523	3092	128442	444723	22906030	60032452
100	PZ29	1551	69000	224626	11163099	61297732
100	LI04	862	37627	128087	6411462	60575644
100	WE2430	1564	68707	228211	11397199	61394226
100	WS04	3041	128994	446319	22969386	60471380
100	WE2431	1559	68875	227193	11354861	60944296
100	WS05	3065	128506	441369	22814474	59883992
100	BB10	2852	121828	425037	21453525	57168270
100	CA14	2774	114215	403514	20371539	57562122
100	VG21	2947	121486	425885	21848585	59190244
100	CE29	3037	125361	440807	22733269	61454712
100	FC11	905	40008	132114	6643499	61459212
100	MM27	2842	115268	407925	20918513	59060122
100	NF30	2949	123680	433475	22141138	58362428
100	MI21	1453	64932	211898	10785859	61775136
100	FU14	2717	114887	400571	20521674	58822672
100	BB13	2855	118977	417553	21218762	56630586
100	WB20	1163	53422	178247	8799789	60678438
101	SH2514	3006	123847	431871	22458155	59891540
101	NF24	2989	124932	435180	22515381	59238108
101	WB13	1308	58661	194105	9721900	60925110
101	CW2212	1779	80384	263381	13171733	58812882
101	SH2515	3051	124045	433527	22487722	59742114
101	VR14	1666	76712	248198	12441376	59204222
101	DN26	1414	63042	204214	10248506	59495874
101	BU1031	1914	82598	270104	13561025	57416768
101	VT27	3014	125456	433700	22560936	60273778
101	CW2214	2047	89579	296237	15100457	60806646
101	BU04	1970	86001	281850	14055012	58804590
101	GC30	2739	113623	397133	20385451	57412048
101	DL2524	2847	124123	425215	21934379	57599818
101	VT29	2735	118559	411853	21150694	56614242
101	DL23523	3058	126944	438679	22744452	59582504
101	PZ29	1540	68160	220612	11069642	60841466
101	LI04	861	37066	126073	6361952	60124808
101	WE2430	1552	67747	223685	11292068	60935912
101	WS04	3003	127576	440143	22805627	60019594
101	WE2431	1547	68099	223417	11264274	60488858
101	WS05	3021	127046	435258	22654080	59439394
101	BB10	2819	120428	419344	21297851	56731710
101	CA14	2728	112846	397870	20224037	57133960
101	VG21	2914	120014	420064	21691387	58748002
101	CE29	2997	123933	434656	22566989	60992626
101	FC11	906	39433	129989	6589591	60998086
101	MM27	2815	113845	402258	20766875	58619448
101	NF30	2926	122163	427344	21977426	57923516
101	MI21	1445	64172	208343	10701846	61313494
101	FU14	2671	113489	394948	20372399	58384828
101	BB13	2821	117557	411794	21066246	56205116
101	WB20	1160	52652	175294	8728507	60228148
102	SH2514	3010	123345	429954	22378155	59674892
102	NF24	2988	124457	433359	22441783	59022818
102	WB13	1315	58654	193806	9695645	60707134
102	CW2212	1782	80070	262329	13129538	58601850
102	SH2515	3062	123591	431382	22409740	59529646
102	VR14	1667	76318	247191	12394819	58993554
102	DN26	1413	62796	203008	10201081	59289070
102	BU1031	1920	82434	269149	13520860	57211554
102	VT27	3005	125118	432085	22483138	60057638
102	CW2214	2051	89148	294740	15038143	60588312
102	BU04	1981	85699	280865	14009217	58592904
102	GC30	2741	113207	395623	20314845	57204544
102	DL2524	2844	123583	422902	21853884	57384220
102	VT29	2732	118170	409860	21076469	56400438
102	DL23523	3065	126375	436174	22661272	59366870
102	PZ29	1547	67910	220101	11048423	60625412
102	LI04	858	37123	125717	6353558	59911670
102	WE2430	1556	67599	223825	11269190	60717592
102	WS04	3010	126993	437621	22720391	59804170
102	WE2431	1552	67874	222969	11238351	60273772
102	WS05	3035	126540	433053	22568953	59220266
102	BB10	2822	119880	416758	21222812	56527662
102	CA14	2749	112431	395996	20150613	56922290
102	VG21	2917	119597	418054	21613688	58534430
102	CE29	3008	123490	432523	22487854	60773970
102	FC11	903	39435	129347	6568244	60781510
102	MM27	2808	113560	400494	20691355	58407686
102	NF30	2926	121701	425350	21904377	57712226
102	MI21	1446	63882	207855	10662639	61095262
102	FU14	2688	113131	393326	20302808	58175066
102	BB13	2837	117046	409689	20991152	56008424
102	WB20	1155	52463	174496	8698961	60011354
103	SH2514	3029	124353	434638	22379134	59692840
103	NF24	3006	125541	438054	22437055	59039358
103	WB13	1315	59073	195514	9685074	60720910
103	CW2212	1787	80656	265441	13116961	58619320
103	SH2515	3083	124650	436253	22411675	59541836
103	VR14	1674	77133	250473	12396484	59008294
103	DN26	1425	63272	205604	10190075	59300780
103	BU1031	1923	82957	271781	13514206	57227272
103	VT27	3032	126058	436874	22489430	60077252
103	CW2214	2069	90109	299036	15045178	60608070
103	BU04	1987	86304	283838	14001175	58608312
103	GC30	2757	114094	399874	20314897	57221022
103	DL2524	2876	124693	427741	21859678	57404524
103	VT29	2750	119168	414433	21081529	56418724
103	DL23523	3086	127575	441382	22661766	59382324
103	PZ29	1551	68427	222768	11028241	60643186
103	LI04	862	37381	127140	6335963	59928040
103	WE2430	1570	68118	226144	11258267	60736640
103	WS04	3035	128144	442937	22725271	59821816
103	WE2431	1565	68449	225784	11243369	60290096
103	WS05	3061	127566	438040	22572868	59239874
103	BB10	2839	121015	421713	21219036	56553300
103	CA14	2764	113361	400564	20154837	56947068
103	VG21	2935	120616	422714	21612571	58552150
103	CE29	3025	124517	437478	22490963	60794212
103	FC11	913	39755	131065	6564732	60799728
103	MM27	2832	114452	404893	20696070	58424854
103	NF30	2939	122809	430183	21904550	57732284
103	MI21	1455	64479	210323	10653355	61112332
103	FU14	2701	114028	397438	20302012	58192608
103	BB13	2846	118137	414448	20989507	56016958
103	WB20	1161	53072	176803	8697967	60028258
104	SH2514	3050	125424	438447	22652260	60426982
104	NF24	3022	126612	441957	22714123	59767036
104	WB13	1323	59518	197032	9800913	61464416
104	CW2212	1799	81439	267878	13296503	59331144
104	SH2515	3094	125689	440100	22684269	60274266
104	VR14	1683	77778	252732	12563356	59724858
104	DN26	1430	63945	207694	10342273	60020630
104	BU1031	1937	83701	274441	13688006	57915854
104	VT27	3049	127134	440584	22758279	60810798
104	CW2214	2083	90971	302057	15269589	61350618
104	BU04	1999	87129	286562	14185700	59325034
104	GC30	2774	115068	403362	20561333	57922824
104	DL2524	2879	125753	431648	22128154	58110282
104	VT29	2765	120113	417920	21333025	57113716
104	DL23523	3097	128590	445207	22939681	60115866
104	PZ29	1561	69127	224864	11178938	61382444
104	LI04	868	37681	128232	6422351	60659730
104	WE2430	1576	68798	228377	11410215	61479032
104	WS04	3046	129172	446842	23003281	60555674
104	WE2431	1567	68994	227510	11375017	61028644
104	WS05	3072	128657	441883	22847709	59967828
104	BB10	2857	122013	425541	21485252	57248310
104	CA14	2780	114314	403960	20399883	57642690
104	VG21	2954	121625	426367	21878646	59272932
104	CE29	3043	125522	441290	22765613	61540112
104	FC11	917	40095	132244	6654798	61544346
104	MM27	2847	115387	408335	20947952	59142886
104	NF30	2956	123824	433965	22173019	58444490
104	MI21	1463	65059	212241	10803893	61860908
104	FU14	2718	115033	400967	20550307	58905008
104	BB13	2861	119130	417983	21249032	56709750
104	WB20	1171	53508	178400	8812508	60761770
105	SH2514	3005	123787	432619	22434799	59835780
105	NF24	2990	124930	436016	22488856	59179818
105	WB13	1307	58618	193624	9685696	60856124
105	CW2212	1783	80153	263609	13151375	58747420
105	SH2515	3050	124054	434284	22465866	59683146
105	VR14	1656	76648	248899	12436152	59136528
105	DN26	1412	63156	204761	10243595	59427846
105	BU1031	1914	82487	270220	13544207	57344640
105	VT27	3010	125576	434493	22541687	60215846
105	CW2214	2061	89752	297782	15122404	60747966
105	BU04	1976	85906	282295	14038536	58737712
105	GC30	2734	113497	397602	20358936	57356442
105	DL2524	2835	124015	425606	21913897	57542172
105	VT29	2717	118556	412135	21127827	56559124
105	DL23523	3053	126909	439273	22718866	59526004
105	PZ29	1543	68078	221604	11068428	60778066
105	LI04	859	37156	126192	6354373	60060020
105	WE2430	1558	67802	224635	11285407	60872110
105	WS04	3013	127344	440802	22778731	59963952
105	WE2431	1552	67967	223686	11250074	60428358
105	WS05	3028	126948	435772	22624458	59379922
105	BB10	2825	120416	419703	21273883	56689522
105	CA14	2739	112732	398410	20198740	57079692
105	VG21	2902	119942	420660	21665741	58692036
105	CE29	3002	123909	435415	22547191	60935908
105	FC11	906	39508	130015	6584611	60935824
105	MM27	2807	113869	402573	20742322	58563282
105	NF30	2922	122178	428038	21952531	57872238
105	MI21	1449	64150	209235	10698991	61250838
105	FU14	2674	113402	395456	20346432	58328054
105	BB13	2826	117657	412453	21043040	56153238
105	WB20	1152	52698	175490	8716180	60160686
106	SH2514	3031	124748	435582	22465125	59914414
106	NF24	3000	125931	439106	22525052	59258396
106	WB13	1301	59023	195703	9712698	60938786
106	CW2212	1773	80792	266160	13176673	58826734
106	SH2515	3075	124987	437343	22495729	59761798
106	VR14	1661	77243	251307	12459149	59214866
106	DN26	1410	63448	206308	10244756	59508334
106	BU1031	1917	83160	272888	13572846	57418784
106	VT27	3032	126416	437848	22571502	60296284
106	CW2214	2058	90286	300100	15134996	60829162
106	BU04	1973	86577	284925	14066536	58819768
106	GC30	2758	114416	400909	20390135	57432060
106	DL2524	2865	125046	428872	21947266	57620062
106	VT29	2747	119420	415121	21154604	56635454
106	DL23523	3076	127808	442480	22741211	59607324
106	PZ29	1543	68643	223657	11085972	60859012
106	LI04	852	37357	127553	6369724	60141800
106	WE2430	1555	68304	227001	11312937	60956450
106	WS04	3020	128417	443952	22811177	60042220
106	WE2431	1547	68565	226265	11276351	60508296
106	WS05	3049	127925	439058	22650995	59457402
106	BB10	2839	121298	422937	21298811	56767728
106	CA14	2760	113627	401306	20230899	57155598
106	VG21	2939	120958	423691	21695718	58770252
106	CE29	3022	124823	438532	22572122	61016114
106	FC11	901	39790	131497	6599593	61020512
106	MM27	2827	114693	405632	20773087	58640432
106	NF30	2933	123134	431242	21989522	57949260
106	MI21	1442	64695	211162	10719715	61333788
106	FU14	2705	114335	398341	20379577	58405416
106	BB13	2850	118451	415249	21069961	56230184
106	WB20	1153	53089	177292	8744475	60243034
107	SH2514	2941	123429	429528	22384180	59709742
107	NF24	2913	124713	432861	22445396	59057306
107	WB13	1286	58594	192833	9678119	60737650
107	CW2212	1765	80315	262765	13137767	58635328
107	SH2515	2976	123736	430779	22414728	59558566
107	VR14	1646	76519	247049	12399378	59024674
107	DN26	1394	62919	203075	10211127	59315576
107	BU1031	1896	82620	268981	13526513	57245366
107	VT27	2946	125181	431762	22497978	60089586
107	CW2214	2023	89329	294750	15051303	60622744
107	BU04	1963	85950	280967	14016738	58628802
107	GC30	2671	113316	395014	20316071	57235572
107	DL2524	2778	123766	423039	21869477	57416292
107	VT29	2648	118263	409793	21086269	56435228
107	DL23523	2996	126470	435588	22656207	59406028
107	PZ29	1513	68150	220315	11048517	60658032
107	LI04	824	37150	125490	6345026	59945340
107	WE2430	1542	68008	224543	11291756	60751076
107	WS04	2931	127225	437579	22731080	59839104
107	WE2431	1535	68051	223355	11245833	60307074
107	WS05	2955	126579	432557	22569743	59255070
107	BB10	2765	119987	416820	21226453	56572654
107	CA14	2684	112536	395484	20154759	56958332
107	VG21	2819	119736	417207	21612210	58571972
107	CE29	2933	123653	431953	22495931	60809898
107	FC11	886	39453	129692	6574814	60816114
107	MM27	2734	113567	399508	20698266	58440830
107	NF30	2862	121885	424956	21907608	57744808
107	MI21	1426	64165	208367	10684931	61129956
107	FU14	2612	113402	392693	20306897	58209716
107	BB13	2735	117253	409289	20992265	56043758
107	WB20	1142	52859	175028	8715297	60046478
108	SH2514	3047	125444	438494	22655777	60436272
108	NF24	3019	126629	442006	22717623	59776312
108	WB13	1322	59525	197051	9801946	61473872
108	CW2212	1798	81449	267900	13298024	59340536
108	SH2515	3091	125706	440146	22687799	60283426
108	VR14	1682	77788	252757	12564857	59734256
108	DN26	1429	63960	207718	10344256	60029916
108	BU1031	1936	83713	274461	13689298	57924798
108	VT27	3046	127157	440632	22761747	60819962
108	CW2214	2081	90979	302076	15271219	61360086
108	BU04	1998	87142	286584	14187230	59334434
108	GC30	2771	115085	403405	20564754	57931816
108	DL2524	2878	125769	431687	22130715	58119126
108	VT29	2762	120133	417969	21336410	57122612
108	DL23523	3095	128602	445248	22942745	60125202
108	PZ29	1560	69142	224889	11180853	61391852
108	LI04	867	37683	128251	6423033	60668984
108	WE2430	1575	68813	228398	11412301	61488424
108	WS04	3044	129187	446880	23006496	60565168
108	WE2431	1566	69001	227533	11376273	61038096
108	WS05	3069	128670	441930	22851100	59976888
108	BB10	2856	122026	425588	21488585	57257180
108	CA14	2777	114334	404007	20403215	57651540
108	VG21	2951	121643	426399	21882059	59282016
108	CE29	3040	125543	441332	22769198	61549442
108	FC11	916	40096	132263	6655479	61553678
108	MM27	2846	115407	408380	20951165	59151938
108	NF30	2953	123840	434016	22176463	58453508
108	MI21	1462	65068	212261	10805323	61870394
108	FU14	2715	115047	401008	20553573	58914062
108	BB13	2858	119146	418021	21252329	56718474
108	WB20	1170	53512	178402	8812898	60770996
109	SH2514	2983	123147	428803	22464892	59926242
109	NF24	2947	124365	432269	22526199	59271674
109	WB13	1294	58506	192739	9722691	60946698
109	CW2212	1768	80069	262388	13193062	58829218
109	SH2515	3020	123383	430297	22497974	59777312
109	VR14	1649	76327	246959	12460009	59220562
109	DN26	1411	62728	202967	10252674	59517836
109	BU1031	1900	82235	268628	13577688	57427280
109	VT27	2974	124698	430837	22569715	60309070
109	CW2214	2061	89503	296095	15156282	60834992
109	BU04	1959	85593	280232	14070539	58821578
109	GC30	2706	112929	394532	20393911	57448342
109	DL2524	2809	123372	421964	21943335	57627972
109	VT29	2709	117815	408549	21157883	56650352
109	DL23523	3033	126304	435512	22749769	59615200
109	PZ29	1534	68058	220137	11088040	60865382
109	LI04	843	37046	125681	6371820	60146510
109	WE2430	1552	67586	223380	11315127	60960332
109	WS04	2984	126856	436913	22812524	60054884
109	WE2431	1538	67806	222473	11279822	60512408
109	WS05	3001	126376	432197	22660965	59470730
109	BB10	2786	119711	415649	21304719	56763816
109	CA14	2719	112205	395000	20231642	57166796
109	VG21	2895	119386	416825	21696932	58778064
109	CE29	2977	123202	431330	22574770	61025478
109	FC11	895	39470	129740	6603319	61023936
109	MM27	2784	113191	399214	20774009	58653046
109	NF30	2884	121624	424314	21986787	57950872
109	MI21	1438	63946	207754	10713907	61339294
109	FU14	2659	112892	392091	20381949	58420622
109	BB13	2784	116956	408656	21072811	56237162
109	WB20	1139	52540	174274	8738415	60249358
